%%MatrixMarket matrix coordinate integer general
2542 2551 4251
1 1 4
1503 1 1
2 2 3
18 2 1
33 2 1
155 2 1
281 2 1
666 2 1
712 2 1
810 2 1
844 2 1
850 2 1
902 2 1
935 2 1
955 2 1
956 2 1
1506 2 1
1610 2 1
1644 2 1
1790 2 1
1894 2 1
1961 2 1
1962 2 1
2029 2 1
2154 2 1
2250 2 1
2253 2 1
2355 2 1
2504 2 1
3 3 3
1965 3 1
4 4 3
166 4 1
735 4 1
2354 4 1
5 5 3
157 5 1
331 5 1
983 5 1
1963 5 1
2535 5 1
6 6 2
152 6 1
739 6 1
849 6 1
914 6 1
1318 6 1
1659 6 1
1808 6 1
2459 6 1
7 7 2
185 7 1
1495 7 1
2020 7 1
8 8 2
3 9 2
4 9 1
2054 9 1
2541 9 2
9 10 2
9 11 1
10 11 2
12 11 2
18 11 1
844 11 1
2136 11 1
10 12 2
111 12 1
254 12 1
813 12 1
1098 12 1
1210 12 1
1261 12 1
1268 12 1
1435 12 1
1509 12 1
1852 12 1
1901 12 1
1940 12 1
2068 12 1
2069 12 1
2082 12 1
2436 12 1
2528 12 1
10 13 2
11 14 2
12 15 2
574 15 1
594 15 1
845 15 1
1333 15 1
1956 15 1
1990 15 1
2436 15 1
13 16 2
674 16 1
1314 16 1
1532 16 1
1974 16 1
2188 16 1
14 17 2
1872 17 1
15 18 2
1269 18 1
1935 18 1
16 19 2
1181 19 1
17 20 2
10 21 1
18 21 2
24 21 1
44 21 1
113 21 1
209 21 1
229 21 1
617 21 1
686 21 1
962 21 1
1137 21 1
1401 21 1
1434 21 1
1556 21 1
1785 21 1
2003 21 1
2015 21 1
2065 21 1
2265 21 1
2337 21 1
18 22 2
1435 22 1
1917 22 1
1962 22 1
10 23 1
19 23 2
373 23 1
489 23 1
572 23 1
595 23 1
652 23 1
749 23 1
910 23 1
1069 23 1
1317 23 1
1354 23 1
1543 23 1
1575 23 1
1594 23 1
1610 23 1
2085 23 1
2191 23 1
20 24 2
712 24 1
948 24 1
1338 24 1
1881 24 1
2140 24 1
20 25 2
27 25 1
182 25 1
469 25 1
771 25 1
1710 25 1
2242 25 1
21 26 2
23 26 2
55 26 1
70 26 1
143 26 1
308 26 1
657 26 1
823 26 1
1030 26 1
1389 26 1
1436 26 1
1651 26 1
1733 26 1
1926 26 1
2088 26 1
2240 26 1
2302 26 1
22 27 2
42 27 1
78 27 1
571 27 1
592 27 1
602 27 1
1562 27 1
1612 27 1
2169 27 1
24 28 2
1092 28 1
1218 28 1
5 29 2
1138 29 1
1985 29 1
2083 29 1
2317 29 1
2354 29 1
25 30 2
112 30 1
431 30 1
534 30 1
556 30 1
844 30 1
1068 30 1
1277 30 1
1332 30 1
2308 30 1
2443 30 1
2491 30 1
26 31 2
1 32 2
20 33 1
27 33 2
322 33 1
1161 33 1
1804 33 1
1819 33 1
1887 33 1
2492 33 1
28 34 2
1459 34 1
29 35 2
1010 35 1
30 36 2
419 36 1
1719 36 1
31 37 2
147 37 1
868 37 1
1865 37 1
32 38 2
33 39 2
969 39 1
1720 39 1
2542 39 2
34 40 2
15 41 1
35 41 2
121 41 1
197 41 1
205 41 1
241 41 1
311 41 1
406 41 1
410 41 1
452 41 1
462 41 1
469 41 1
594 41 1
597 41 1
631 41 1
640 41 1
671 41 1
678 41 1
898 41 1
901 41 1
998 41 1
1024 41 1
1084 41 1
1242 41 1
1610 41 1
1624 41 1
1711 41 1
1823 41 1
1843 41 1
1892 41 1
1923 41 1
2133 41 1
2232 41 1
2254 41 1
2438 41 1
2458 41 1
2461 41 1
36 42 2
37 43 2
1021 43 1
1997 43 1
38 44 2
702 44 1
962 44 1
39 45 2
1285 45 1
40 46 2
910 46 1
1311 46 1
1490 46 1
1566 46 1
2476 46 1
25 47 1
27 47 1
38 47 1
41 47 2
268 47 1
557 47 1
601 47 1
1232 47 1
1263 47 1
1299 47 1
1391 47 1
1488 47 1
1617 47 1
1619 47 1
1659 47 1
1713 47 1
1834 47 1
1924 47 1
2158 47 1
2206 47 1
2477 47 1
2515 47 1
2516 47 1
38 48 1
42 48 2
956 48 1
1091 48 1
1787 48 1
1 49 1
43 49 1
115 49 1
962 49 1
45 50 1
46 51 1
743 51 1
2036 51 1
38 52 1
47 52 1
609 52 1
1024 52 1
1250 52 1
1413 52 1
1435 52 1
1546 52 1
1680 52 1
1720 52 1
1762 52 1
2123 52 1
2341 52 1
2481 52 1
47 53 1
1610 53 1
47 54 1
48 55 1
65 55 1
1161 55 1
48 56 1
2206 56 1
49 57 1
2272 57 1
50 58 1
2114 58 1
51 59 1
52 60 1
52 61 1
53 62 1
932 62 1
1268 62 1
42 63 1
54 63 1
54 64 1
1456 64 1
56 65 1
56 66 1
2008 66 1
56 67 1
57 68 1
2155 68 1
58 69 1
279 69 1
926 69 1
1275 69 1
1910 69 1
2282 69 1
59 70 1
60 71 1
208 71 1
216 71 1
799 71 1
818 71 1
1087 71 1
1121 71 1
1423 71 1
1865 71 1
2183 71 1
2218 71 1
2452 71 1
2507 71 1
61 72 1
119 72 1
1420 72 1
62 73 1
1115 73 1
63 74 1
63 75 1
1907 75 1
2181 75 1
2437 75 1
64 76 1
66 77 1
1696 77 1
1759 77 1
66 78 1
66 79 1
67 80 1
68 81 1
309 81 1
2445 81 1
20 82 1
68 82 1
1264 82 1
68 83 1
1239 83 1
69 84 1
69 85 1
71 86 1
72 87 1
1869 87 1
72 88 1
2206 88 1
73 89 1
74 90 1
431 90 1
1040 90 1
1068 90 1
2427 90 1
2458 90 1
75 91 1
42 92 1
76 92 1
362 92 1
401 92 1
1317 92 1
1610 92 1
33 93 1
77 93 1
90 93 1
318 93 1
328 93 1
418 93 1
420 93 1
452 93 1
497 93 1
636 93 1
650 93 1
667 93 1
705 93 1
745 93 1
788 93 1
922 93 1
1195 93 1
1729 93 1
1987 93 1
2324 93 1
2384 93 1
2469 93 1
79 94 1
2285 94 1
79 95 1
80 96 1
81 97 1
133 97 1
459 97 1
751 97 1
1361 97 1
1997 97 1
82 98 1
2333 98 1
83 99 1
84 100 1
84 101 1
85 102 1
774 102 1
1217 102 1
1247 102 1
86 103 1
1923 103 1
86 104 1
87 105 1
1273 105 1
1859 105 1
88 106 1
1054 106 1
88 107 1
89 108 1
329 108 1
514 108 1
1289 108 1
89 109 1
2511 109 1
91 110 1
42 111 1
92 111 1
93 112 1
94 113 1
1274 113 1
2516 113 1
95 114 1
1275 114 1
2211 114 1
2481 114 1
96 115 1
1276 115 1
1423 115 1
97 116 1
1810 116 1
98 117 1
1991 117 1
2 118 1
7 118 1
99 118 1
115 118 1
1306 118 1
1498 118 1
100 119 1
1013 119 1
101 120 1
102 121 1
1333 121 1
1888 121 1
103 122 1
104 123 1
104 124 1
3 125 1
105 125 1
351 125 1
967 125 1
1253 125 1
105 126 1
106 127 1
6 128 1
107 129 1
108 130 1
108 131 1
15 132 1
109 132 1
1610 132 1
2053 132 1
109 133 1
110 134 1
110 135 1
364 135 1
110 136 1
111 136 1
115 136 1
237 136 1
647 136 1
716 136 1
745 136 1
1002 136 1
1075 136 1
1217 136 1
1446 136 1
1509 136 1
1610 136 1
1790 136 1
2079 136 1
2358 136 1
2379 136 1
2447 136 1
2450 136 1
110 137 1
1610 137 1
2126 137 1
111 138 1
223 138 1
621 138 1
111 139 1
611 139 1
1275 139 1
1528 139 1
2173 139 1
111 140 1
541 140 1
959 140 1
1787 140 1
2023 140 1
2168 140 1
2331 140 1
111 141 1
111 142 1
2362 142 1
111 143 1
111 144 1
111 145 1
2521 145 1
111 146 1
763 146 1
1579 146 1
2223 146 1
2279 146 1
2388 146 1
24 147 1
42 147 1
111 147 1
211 147 1
264 147 1
776 147 1
967 147 1
1343 147 1
1525 147 1
1695 147 1
1975 147 1
2071 147 1
2441 147 1
111 148 1
111 149 1
111 150 1
111 151 1
1217 151 1
1403 151 1
1422 151 1
1457 151 1
1849 151 1
2043 151 1
111 152 1
111 153 1
2147 153 1
38 154 1
111 154 1
1151 154 1
1773 154 1
111 155 1
1477 155 1
1865 155 1
2327 155 1
111 156 1
2213 156 1
111 157 1
111 158 1
323 158 1
784 158 1
891 158 1
1186 158 1
1313 158 1
1715 158 1
112 159 1
113 160 1
113 161 1
1418 161 1
114 162 1
115 163 1
387 163 1
1286 163 1
1762 163 1
1856 163 1
115 164 1
115 165 1
566 165 1
115 166 1
115 167 1
116 168 1
1833 168 1
117 169 1
1 170 1
117 170 1
117 171 1
615 171 1
1350 171 1
1424 171 1
1826 171 1
1958 171 1
2103 171 1
2496 171 1
117 172 1
118 173 1
964 173 1
1228 173 1
1696 173 1
1855 173 1
2276 173 1
2279 173 1
2380 173 1
120 174 1
122 175 1
123 176 1
123 177 1
124 178 1
125 179 1
126 180 1
127 181 1
2022 181 1
2489 181 1
127 182 1
127 183 1
828 183 1
1275 183 1
1324 183 1
1450 183 1
1691 183 1
1984 183 1
2325 183 1
128 184 1
129 185 1
150 185 1
1818 185 1
1831 185 1
130 186 1
131 187 1
132 188 1
134 189 1
213 189 1
531 189 1
745 189 1
867 189 1
2364 189 1
2527 189 1
135 190 1
135 191 1
1973 191 1
136 192 1
1214 192 1
137 193 1
399 193 1
1390 193 1
1417 193 1
1639 193 1
1801 193 1
2067 193 1
2379 193 1
138 194 1
179 194 1
771 194 1
980 194 1
1514 194 1
1535 194 1
1610 194 1
1971 194 1
2110 194 1
2286 194 1
2393 194 1
2478 194 1
138 195 1
1507 195 1
1610 195 1
1770 195 1
2416 195 1
2436 195 1
2454 195 1
138 196 1
933 196 1
138 197 1
138 198 1
375 198 1
138 199 1
1559 199 1
138 200 1
138 201 1
1075 201 1
2424 201 1
138 202 1
139 203 1
1722 203 1
140 204 1
1 205 1
141 205 1
1675 205 1
2389 205 1
141 206 1
923 206 1
142 207 1
142 208 1
2152 208 1
143 209 1
143 210 1
143 211 1
415 211 1
2322 211 1
143 212 1
143 213 1
388 213 1
143 214 1
144 215 1
257 215 1
738 215 1
1986 215 1
145 216 1
145 217 1
146 218 1
337 218 1
406 218 1
623 218 1
1289 218 1
1942 218 1
2143 218 1
2360 218 1
2538 218 1
3 219 1
148 219 1
627 219 1
743 219 1
1005 219 1
1253 219 1
1331 219 1
1435 219 1
1535 219 1
1558 219 1
1729 219 1
1997 219 1
2062 219 1
2293 219 1
149 220 1
279 220 1
409 220 1
783 220 1
2445 220 1
2497 220 1
151 221 1
152 222 1
392 222 1
662 222 1
768 222 1
1585 222 1
1830 222 1
2531 222 1
153 223 1
2519 223 1
154 224 1
12 225 1
156 225 1
275 225 1
1474 225 1
158 226 1
1831 226 1
158 227 1
158 228 1
289 228 1
697 228 1
2148 228 1
158 229 1
159 230 1
1045 230 1
1077 230 1
1551 230 1
160 231 1
1413 231 1
2251 231 1
160 232 1
2157 232 1
160 233 1
446 233 1
160 234 1
698 234 1
161 235 1
761 235 1
854 235 1
162 236 1
817 236 1
1302 236 1
163 237 1
164 238 1
42 239 1
165 239 1
2316 239 1
166 240 1
166 241 1
579 241 1
166 242 1
1470 242 1
1906 242 1
166 243 1
736 243 1
983 243 1
167 244 1
168 245 1
169 246 1
509 246 1
170 247 1
171 248 1
172 249 1
173 250 1
174 251 1
175 252 1
389 252 1
972 252 1
34 253 1
176 253 1
1411 253 1
177 254 1
177 255 1
1023 255 1
1389 255 1
178 256 1
179 257 1
180 258 1
181 259 1
182 260 1
1192 260 1
1437 260 1
2132 260 1
183 261 1
184 262 1
186 263 1
844 263 1
967 263 1
1317 263 1
1669 263 1
187 264 1
997 264 1
2004 264 1
2359 264 1
188 265 1
1106 265 1
1150 265 1
1340 265 1
1531 265 1
2516 265 1
2535 265 1
189 266 1
190 267 1
1439 267 1
191 268 1
1203 268 1
191 269 1
192 270 1
192 271 1
1720 271 1
2498 271 1
193 272 1
194 273 1
2079 273 1
195 274 1
196 275 1
198 276 1
492 276 1
2205 276 1
199 277 1
200 278 1
201 279 1
270 279 1
1351 279 1
1659 279 1
2214 279 1
202 280 1
203 281 1
204 282 1
1011 282 1
1816 282 1
2189 282 1
2445 282 1
206 283 1
207 284 1
207 285 1
209 286 1
209 287 1
1371 287 1
1457 287 1
210 288 1
2387 288 1
212 289 1
2353 289 1
214 290 1
269 290 1
215 291 1
1359 291 1
1530 291 1
215 292 1
216 293 1
216 294 1
216 295 1
216 296 1
578 296 1
852 296 1
1313 296 1
1966 296 1
216 297 1
1 298 1
217 298 1
243 298 1
218 299 1
219 300 1
1907 300 1
219 301 1
422 301 1
1274 301 1
1333 301 1
38 302 1
219 302 1
438 302 1
872 302 1
2017 302 1
2138 302 1
2210 302 1
38 303 1
219 303 1
2392 303 1
3 304 1
219 304 1
1069 304 1
1535 304 1
2216 304 1
2516 304 1
219 305 1
362 305 1
937 305 1
971 305 1
220 306 1
1010 306 1
2363 306 1
2442 306 1
221 307 1
773 307 1
962 307 1
1190 307 1
2000 307 1
221 308 1
14 309 1
222 309 1
397 309 1
512 309 1
780 309 1
883 309 1
1009 309 1
1136 309 1
1217 309 1
1352 309 1
1535 309 1
1591 309 1
1599 309 1
1625 309 1
2253 309 1
17 310 1
222 310 1
1191 310 1
1718 310 1
2144 310 1
223 311 1
1110 311 1
1491 311 1
224 312 1
225 313 1
1554 313 1
225 314 1
225 315 1
546 315 1
837 315 1
1347 315 1
1398 315 1
2279 315 1
225 316 1
602 316 1
1547 316 1
226 317 1
236 317 1
1073 317 1
1523 317 1
227 318 1
2180 318 1
2190 318 1
228 319 1
1217 319 1
230 320 1
231 321 1
550 321 1
2379 321 1
232 322 1
905 322 1
233 323 1
1402 323 1
234 324 1
1139 324 1
235 325 1
236 326 1
2434 326 1
238 327 1
238 328 1
238 329 1
239 330 1
240 331 1
242 332 1
1217 332 1
244 333 1
245 334 1
245 335 1
2236 335 1
246 336 1
247 337 1
299 337 1
1180 337 1
1638 337 1
248 338 1
2352 338 1
249 339 1
249 340 1
250 341 1
251 342 1
252 343 1
253 344 1
2400 344 1
253 345 1
1066 345 1
1212 345 1
254 346 1
254 347 1
255 348 1
256 349 1
256 350 1
256 351 1
1149 351 1
257 352 1
257 353 1
258 354 1
259 355 1
1892 355 1
2445 355 1
260 356 1
361 356 1
674 356 1
1814 356 1
2109 356 1
2497 356 1
2500 356 1
261 357 1
262 358 1
301 358 1
263 359 1
265 360 1
266 361 1
981 361 1
1884 361 1
2054 361 1
2095 361 1
266 362 1
267 363 1
1938 363 1
268 364 1
268 365 1
268 366 1
268 367 1
269 368 1
269 369 1
269 370 1
270 371 1
362 371 1
270 372 1
270 373 1
283 373 1
270 374 1
271 375 1
272 376 1
272 377 1
273 378 1
274 379 1
276 380 1
277 381 1
744 381 1
962 381 1
1057 381 1
1208 381 1
1485 381 1
1589 381 1
1760 381 1
277 382 1
346 382 1
977 382 1
1426 382 1
1515 382 1
2254 382 1
2287 382 1
277 383 1
278 384 1
278 385 1
279 386 1
279 387 1
279 388 1
1089 388 1
279 389 1
280 390 1
282 391 1
283 392 1
283 393 1
638 393 1
956 393 1
1907 393 1
2278 393 1
284 394 1
284 395 1
395 395 1
285 396 1
471 396 1
286 397 1
287 398 1
288 399 1
1191 399 1
2354 399 1
288 400 1
289 401 1
443 401 1
290 402 1
291 403 1
2359 403 1
292 404 1
293 405 1
920 405 1
294 406 1
1522 406 1
1752 406 1
42 407 1
294 407 1
454 407 1
1211 407 1
1259 407 1
2160 407 1
295 408 1
999 408 1
296 409 1
637 409 1
1604 409 1
1785 409 1
1927 409 1
2452 409 1
297 410 1
298 411 1
300 412 1
1846 412 1
301 413 1
1982 413 1
1 414 1
301 414 1
38 415 1
302 415 1
303 416 1
42 417 1
304 417 1
916 417 1
1334 417 1
1947 417 1
2125 417 1
304 418 1
304 419 1
305 420 1
524 420 1
526 420 1
1230 420 1
1272 420 1
1727 420 1
1926 420 1
2081 420 1
2418 420 1
2526 420 1
306 421 1
307 422 1
341 422 1
1429 422 1
310 423 1
1700 423 1
312 424 1
1979 424 1
312 425 1
3 426 1
313 426 1
713 426 1
2264 426 1
2470 426 1
2502 426 1
314 427 1
315 428 1
316 429 1
10 430 1
12 430 1
21 430 1
317 430 1
327 430 1
1255 430 1
1807 430 1
1826 430 1
1827 430 1
1986 430 1
2028 430 1
1 431 1
318 431 1
319 432 1
366 432 1
620 432 1
661 432 1
1051 432 1
1119 432 1
1569 432 1
2279 432 1
2427 432 1
2445 432 1
320 433 1
321 434 1
2259 434 1
324 435 1
983 435 1
324 436 1
325 437 1
349 437 1
956 437 1
325 438 1
672 438 1
1367 438 1
27 439 1
326 439 1
2483 439 1
326 440 1
2497 440 1
327 441 1
327 442 1
1130 442 1
330 443 1
1962 443 1
2450 443 1
332 444 1
333 445 1
684 445 1
1232 445 1
1287 445 1
2339 445 1
334 446 1
1468 446 1
335 447 1
31 448 1
336 448 1
338 449 1
339 450 1
340 451 1
342 452 1
343 453 1
344 454 1
345 455 1
832 455 1
345 456 1
345 457 1
346 458 1
347 459 1
455 459 1
1753 459 1
2522 459 1
348 460 1
349 461 1
350 462 1
488 462 1
1155 462 1
351 463 1
351 464 1
923 464 1
2093 464 1
352 465 1
353 466 1
354 467 1
355 468 1
355 469 1
2503 469 1
2525 469 1
356 470 1
356 471 1
1232 471 1
1629 471 1
357 472 1
595 472 1
661 472 1
744 472 1
1217 472 1
1389 472 1
1963 472 1
2230 472 1
2327 472 1
358 473 1
2229 473 1
358 474 1
359 475 1
359 476 1
359 477 1
3 478 1
360 478 1
525 478 1
576 478 1
1029 478 1
1907 478 1
1950 478 1
2067 478 1
2365 478 1
361 479 1
362 480 1
479 480 1
505 480 1
563 480 1
810 480 1
928 480 1
1058 480 1
1327 480 1
1328 480 1
1358 480 1
1371 480 1
1393 480 1
1553 480 1
1761 480 1
1789 480 1
1862 480 1
1916 480 1
2154 480 1
2217 480 1
2272 480 1
362 481 1
362 482 1
1966 482 1
362 483 1
362 484 1
362 485 1
2375 485 1
362 486 1
362 487 1
1547 487 1
2358 487 1
362 488 1
362 489 1
362 490 1
362 491 1
683 491 1
363 492 1
364 493 1
365 494 1
367 495 1
367 496 1
436 496 1
368 497 1
2014 497 1
369 498 1
370 499 1
18 500 1
371 500 1
372 501 1
1333 501 1
2280 501 1
373 502 1
1800 502 1
2523 502 1
21 503 1
373 503 1
994 503 1
373 504 1
1889 504 1
374 505 1
5 506 1
375 506 1
16 507 1
375 507 1
754 507 1
1645 507 1
375 508 1
20 509 1
376 509 1
400 509 1
377 510 1
378 511 1
379 512 1
737 512 1
1545 512 1
380 513 1
1331 513 1
381 514 1
841 514 1
1648 514 1
2076 514 1
2338 514 1
382 515 1
1485 515 1
2184 515 1
383 516 1
384 517 1
385 518 1
1341 518 1
1870 518 1
1907 518 1
2313 518 1
2341 518 1
386 519 1
2183 519 1
390 520 1
3 521 1
391 521 1
496 521 1
768 521 1
1007 521 1
1217 521 1
1275 521 1
1666 521 1
2245 521 1
2261 521 1
393 522 1
394 523 1
395 524 1
833 524 1
2035 524 1
396 525 1
1 526 1
396 526 1
546 526 1
700 526 1
783 526 1
805 526 1
1313 526 1
1962 526 1
2004 526 1
2087 526 1
2135 526 1
2260 526 1
2264 526 1
2432 526 1
2433 526 1
398 527 1
399 528 1
400 529 1
1343 529 1
400 530 1
2421 530 1
401 531 1
18 532 1
402 532 1
473 532 1
2092 532 1
2104 532 1
2506 532 1
402 533 1
1010 533 1
402 534 1
403 535 1
1146 535 1
404 536 1
404 537 1
404 538 1
405 539 1
952 539 1
1070 539 1
1907 539 1
1960 539 1
405 540 1
643 540 1
406 541 1
407 542 1
408 543 1
411 544 1
2503 544 1
411 545 1
2136 545 1
412 546 1
10 547 1
413 547 1
413 548 1
414 549 1
1413 549 1
1453 549 1
416 550 1
417 551 1
417 552 1
419 553 1
419 554 1
9 555 1
419 555 1
2253 555 1
419 556 1
419 557 1
419 558 1
421 559 1
2349 559 1
2354 559 1
421 560 1
1175 560 1
1555 560 1
423 561 1
1163 561 1
2434 561 1
424 562 1
425 563 1
544 563 1
426 564 1
795 564 1
11 565 1
427 565 1
521 565 1
1260 565 1
2030 565 1
428 566 1
429 567 1
429 568 1
1160 568 1
430 569 1
431 570 1
553 570 1
1275 570 1
431 571 1
431 572 1
431 573 1
1647 573 1
432 574 1
433 575 1
466 575 1
956 575 1
1006 575 1
434 576 1
435 577 1
435 578 1
435 579 1
20 580 1
437 580 1
2098 580 1
439 581 1
440 582 1
522 582 1
1449 582 1
441 583 1
442 584 1
444 585 1
445 586 1
447 587 1
2424 587 1
448 588 1
449 589 1
1082 589 1
1948 589 1
1978 589 1
449 590 1
450 591 1
451 592 1
452 593 1
549 593 1
1509 593 1
1535 593 1
2495 593 1
452 594 1
452 595 1
452 596 1
1428 596 1
452 597 1
1742 597 1
1948 597 1
453 598 1
722 598 1
1615 598 1
1997 598 1
2477 598 1
454 599 1
1436 599 1
456 600 1
457 601 1
486 601 1
1002 601 1
458 602 1
42 603 1
460 603 1
477 603 1
675 603 1
461 604 1
463 605 1
655 605 1
464 606 1
1592 606 1
1684 606 1
2262 606 1
464 607 1
465 608 1
467 609 1
468 610 1
469 611 1
470 612 1
472 613 1
474 614 1
475 615 1
475 616 1
476 617 1
478 618 1
480 619 1
481 620 1
481 621 1
605 621 1
481 622 1
482 623 1
2035 623 1
483 624 1
484 625 1
701 625 1
1504 625 1
1777 625 1
1865 625 1
2242 625 1
2424 625 1
484 626 1
484 627 1
484 628 1
21 629 1
484 629 1
1537 629 1
1876 629 1
2040 629 1
2312 629 1
2320 629 1
484 630 1
484 631 1
484 632 1
828 632 1
1535 632 1
2219 632 1
484 633 1
485 634 1
913 634 1
955 634 1
1863 634 1
486 635 1
486 636 1
565 636 1
864 636 1
1017 636 1
1585 636 1
2040 636 1
487 637 1
1997 637 1
2513 637 1
488 638 1
488 639 1
488 640 1
488 641 1
914 641 1
1230 641 1
1790 641 1
1957 641 1
2243 641 1
490 642 1
491 643 1
493 644 1
494 645 1
495 646 1
497 647 1
2279 647 1
497 648 1
497 649 1
498 649 1
23 650 1
499 650 1
1078 650 1
1225 650 1
1729 650 1
2154 650 1
500 651 1
500 652 1
501 653 1
502 654 1
503 655 1
1278 655 1
504 656 1
505 657 1
506 658 1
527 658 1
507 659 1
1083 659 1
1623 659 1
1919 659 1
508 660 1
509 661 1
509 662 1
510 663 1
2320 663 1
510 664 1
511 665 1
786 665 1
513 666 1
1093 666 1
1284 666 1
515 667 1
516 668 1
516 669 1
1922 669 1
517 670 1
735 670 1
518 671 1
519 672 1
1304 672 1
520 673 1
522 674 1
523 675 1
528 676 1
1550 676 1
529 677 1
529 678 1
2432 678 1
530 679 1
532 680 1
668 680 1
1490 680 1
1728 680 1
533 681 1
534 682 1
706 682 1
535 683 1
536 684 1
2253 684 1
536 685 1
1246 685 1
18 686 1
537 686 1
1798 686 1
538 687 1
2358 687 1
2424 687 1
24 688 1
538 688 1
598 688 1
1245 688 1
1974 688 1
2505 688 1
538 689 1
1993 689 1
539 690 1
923 690 1
540 691 1
1061 691 1
1779 691 1
542 692 1
1979 692 1
542 693 1
38 694 1
543 694 1
1317 694 1
1920 694 1
545 695 1
546 696 1
546 697 1
1593 697 1
547 698 1
547 699 1
1303 699 1
548 700 1
1907 700 1
2188 700 1
551 701 1
1538 701 1
552 702 1
554 703 1
555 704 1
558 705 1
559 706 1
1450 706 1
2212 706 1
2490 706 1
560 707 1
1519 707 1
561 708 1
562 709 1
844 709 1
564 710 1
567 711 1
568 712 1
569 713 1
570 714 1
1698 714 1
571 715 1
1193 715 1
1536 715 1
1795 715 1
1950 715 1
2018 715 1
2425 715 1
573 716 1
575 717 1
577 718 1
1703 718 1
580 719 1
1187 719 1
2430 719 1
2451 719 1
581 720 1
582 721 1
582 722 1
583 723 1
2307 723 1
583 724 1
583 725 1
694 725 1
1264 725 1
583 726 1
583 727 1
967 727 1
1635 727 1
1865 727 1
584 728 1
1176 728 1
585 729 1
1100 729 1
1535 729 1
1726 729 1
1768 729 1
2252 729 1
586 730 1
586 731 1
587 732 1
588 733 1
771 733 1
824 733 1
2074 733 1
589 734 1
590 735 1
726 735 1
2467 735 1
590 736 1
1281 736 1
591 737 1
593 738 1
593 739 1
2342 739 1
594 740 1
594 741 1
594 742 1
594 743 1
594 744 1
594 745 1
594 746 1
596 747 1
597 748 1
597 749 1
599 750 1
600 751 1
602 752 1
602 753 1
940 753 1
1478 753 1
602 754 1
708 754 1
930 754 1
1428 754 1
1730 754 1
2460 754 1
602 755 1
1510 755 1
1758 755 1
603 756 1
651 756 1
993 756 1
1010 756 1
1213 756 1
2037 756 1
2089 756 1
604 757 1
606 758 1
607 759 1
1660 759 1
1836 759 1
1848 759 1
2463 759 1
608 760 1
610 761 1
612 762 1
613 763 1
1436 763 1
614 764 1
616 765 1
618 766 1
619 767 1
620 768 1
1 769 1
38 769 1
621 769 1
1717 769 1
2058 769 1
622 770 1
623 771 1
624 772 1
625 773 1
626 774 1
626 775 1
628 776 1
629 777 1
630 778 1
42 779 1
631 779 1
632 780 1
633 781 1
634 782 1
1902 782 1
635 783 1
638 784 1
638 785 1
740 785 1
1658 785 1
1931 785 1
18 786 1
638 786 1
696 786 1
1012 786 1
1258 786 1
1517 786 1
1557 786 1
1674 786 1
1907 786 1
639 787 1
641 788 1
642 789 1
642 790 1
1268 790 1
1837 790 1
2260 790 1
2296 790 1
2300 790 1
644 791 1
645 792 1
646 793 1
1290 793 1
2282 793 1
646 794 1
1876 794 1
1881 794 1
2530 794 1
647 795 1
1281 795 1
1419 795 1
1609 795 1
1686 795 1
648 796 1
1205 796 1
1217 796 1
10 797 1
649 797 1
1925 797 1
2283 797 1
650 798 1
650 799 1
653 800 1
1080 800 1
654 801 1
2383 801 1
655 802 1
656 803 1
1179 803 1
658 804 1
659 805 1
660 806 1
975 806 1
1321 806 1
661 807 1
1944 807 1
661 808 1
661 809 1
662 810 1
956 810 1
2354 810 1
663 811 1
1040 811 1
664 812 1
859 812 1
665 813 1
668 814 1
668 815 1
669 816 1
670 817 1
673 818 1
674 819 1
676 820 1
3 821 1
677 821 1
679 822 1
680 823 1
798 823 1
681 824 1
682 825 1
683 826 1
2345 826 1
2347 826 1
684 827 1
684 828 1
685 829 1
2137 829 1
687 830 1
688 831 1
1535 831 1
2254 831 1
2508 831 1
689 832 1
1535 832 1
2279 832 1
690 833 1
691 834 1
692 835 1
693 836 1
948 836 1
693 837 1
1060 837 1
695 838 1
697 839 1
1233 839 1
697 840 1
697 841 1
698 842 1
720 842 1
698 843 1
698 844 1
699 845 1
700 846 1
700 847 1
701 848 1
1918 848 1
701 849 1
1485 849 1
1495 849 1
1635 849 1
702 850 1
1892 850 1
2293 850 1
702 851 1
1790 851 1
702 852 1
703 853 1
704 854 1
962 854 1
706 855 1
706 856 1
707 857 1
709 858 1
710 859 1
711 860 1
712 861 1
714 862 1
795 862 1
2341 862 1
715 863 1
862 863 1
2202 863 1
715 864 1
716 865 1
716 866 1
717 867 1
718 868 1
719 869 1
721 870 1
1232 870 1
723 871 1
724 872 1
725 873 1
2151 873 1
2482 873 1
726 874 1
727 875 1
728 876 1
729 877 1
730 878 1
731 879 1
731 880 1
731 881 1
24 882 1
732 882 1
955 882 1
1275 882 1
1763 882 1
1923 882 1
2126 882 1
733 883 1
734 884 1
735 885 1
735 886 1
790 886 1
1217 886 1
736 887 1
739 888 1
741 889 1
742 890 1
742 891 1
743 892 1
2009 892 1
745 893 1
1003 893 1
745 894 1
745 895 1
7 896 1
745 896 1
1999 896 1
746 897 1
747 898 1
748 899 1
749 900 1
750 901 1
2260 901 1
752 902 1
753 903 1
755 904 1
1542 904 1
756 905 1
757 906 1
758 907 1
759 908 1
760 909 1
762 910 1
764 911 1
765 912 1
766 913 1
2513 913 1
7 914 1
1840 914 1
2268 914 1
7 915 1
7 916 1
18 916 1
7 917 1
7 918 1
2307 918 1
767 919 1
768 920 1
768 921 1
768 922 1
769 923 1
770 924 1
771 925 1
771 926 1
771 927 1
771 928 1
771 929 1
771 930 1
1206 930 1
772 931 1
2066 931 1
773 932 1
956 932 1
967 932 1
1521 932 1
1865 932 1
2024 932 1
773 933 1
773 934 1
1217 934 1
773 935 1
775 936 1
1817 936 1
775 937 1
777 938 1
778 939 1
779 940 1
1105 940 1
2502 940 1
781 941 1
782 942 1
785 943 1
787 944 1
2263 944 1
2346 944 1
788 945 1
789 946 1
2456 946 1
42 947 1
791 947 1
795 947 1
1956 947 1
791 948 1
792 949 1
793 950 1
11 951 1
794 951 1
795 952 1
1904 952 1
795 953 1
795 954 1
796 955 1
797 956 1
799 957 1
800 958 1
3 959 1
801 959 1
802 960 1
803 961 1
804 962 1
806 963 1
807 964 1
808 965 1
2343 965 1
809 966 1
811 967 1
812 968 1
814 969 1
1344 969 1
815 970 1
1506 970 1
815 971 1
1483 971 1
1690 971 1
815 972 1
2045 972 1
816 973 1
2025 973 1
818 974 1
819 975 1
820 976 1
821 977 1
1 978 1
821 978 1
822 979 1
822 980 1
824 981 1
825 982 1
825 983 1
825 984 1
826 985 1
2 986 1
827 987 1
828 988 1
828 989 1
829 990 1
830 991 1
831 992 1
834 993 1
835 994 1
835 995 1
836 996 1
838 997 1
839 998 1
840 999 1
841 1000 1
842 1001 1
2164 1001 1
2266 1001 1
842 1002 1
1333 1002 1
1956 1002 1
842 1003 1
903 1003 1
1275 1003 1
843 1004 1
2354 1004 1
846 1005 1
847 1006 1
848 1007 1
849 1008 1
849 1009 1
851 1010 1
851 1011 1
853 1012 1
2044 1012 1
854 1013 1
855 1014 1
856 1015 1
3 1016 1
922 1016 1
3 1017 1
3 1018 1
12 1018 1
3 1019 1
3 1020 1
3 1021 1
10 1021 1
3 1022 1
3 1023 1
857 1024 1
858 1025 1
1951 1025 1
2529 1025 1
859 1026 1
860 1027 1
861 1028 1
863 1029 1
865 1030 1
866 1031 1
869 1032 1
870 1033 1
871 1034 1
873 1035 1
874 1036 1
875 1037 1
876 1038 1
877 1039 1
1183 1039 1
1571 1039 1
877 1040 1
1682 1040 1
878 1041 1
2050 1041 1
879 1042 1
880 1043 1
922 1043 1
1217 1043 1
2358 1043 1
2482 1043 1
23 1044 1
880 1044 1
2535 1044 1
880 1045 1
880 1046 1
1791 1046 1
1845 1046 1
880 1047 1
15 1048 1
881 1048 1
882 1049 1
883 1050 1
884 1051 1
884 1052 1
884 1053 1
885 1054 1
886 1055 1
887 1056 1
1396 1056 1
888 1057 1
889 1058 1
889 1059 1
889 1060 1
1844 1060 1
2127 1060 1
890 1061 1
891 1062 1
892 1063 1
892 1064 1
893 1065 1
894 1066 1
4 1067 1
4 1068 1
4 1069 1
20 1069 1
1248 1069 1
2354 1069 1
895 1070 1
2309 1070 1
896 1071 1
922 1071 1
897 1072 1
9 1073 1
1348 1073 1
9 1074 1
9 1075 1
898 1076 1
2372 1076 1
899 1077 1
900 1078 1
900 1079 1
1144 1079 1
902 1080 1
903 1081 1
903 1082 1
903 1083 1
1196 1083 1
904 1084 1
16 1085 1
906 1085 1
935 1085 1
907 1086 1
907 1087 1
908 1088 1
909 1089 1
910 1090 1
910 1091 1
910 1092 1
1881 1092 1
2497 1092 1
911 1093 1
912 1094 1
1915 1094 1
915 1095 1
917 1096 1
918 1097 1
919 1098 1
921 1099 1
10 1100 1
922 1100 1
958 1100 1
1709 1100 1
1854 1100 1
2425 1100 1
2471 1100 1
922 1101 1
1362 1101 1
2275 1101 1
922 1102 1
924 1103 1
925 1104 1
927 1105 1
929 1106 1
931 1107 1
933 1108 1
934 1109 1
2012 1109 1
936 1110 1
938 1111 1
939 1112 1
1286 1112 1
2301 1112 1
10 1113 1
10 1114 1
10 1115 1
947 1115 1
10 1116 1
1300 1116 1
10 1117 1
1086 1117 1
1174 1117 1
1907 1117 1
1929 1117 1
1941 1117 1
10 1118 1
1276 1118 1
1611 1118 1
1757 1118 1
2245 1118 1
10 1119 1
941 1120 1
956 1120 1
1535 1120 1
941 1121 1
941 1122 1
941 1123 1
942 1124 1
943 1125 1
944 1126 1
944 1127 1
945 1128 1
946 1129 1
947 1130 1
11 1131 1
1079 1131 1
11 1132 1
948 1133 1
949 1134 1
949 1135 1
966 1135 1
950 1136 1
1072 1136 1
1149 1136 1
951 1137 1
951 1138 1
951 1139 1
951 1140 1
953 1141 1
953 1142 1
12 1143 1
954 1144 1
2304 1144 1
2493 1144 1
955 1145 1
2462 1145 1
955 1146 1
955 1147 1
956 1148 1
956 1149 1
956 1150 1
957 1151 1
959 1152 1
960 1153 1
961 1154 1
2121 1154 1
2163 1154 1
2179 1154 1
2434 1154 1
962 1155 1
962 1156 1
962 1157 1
962 1158 1
962 1159 1
1073 1159 1
963 1160 1
964 1161 1
965 1162 1
1299 1162 1
2114 1162 1
965 1163 1
18 1164 1
967 1164 1
1423 1164 1
1447 1164 1
967 1165 1
1114 1165 1
967 1166 1
967 1167 1
1152 1167 1
967 1168 1
967 1169 1
1497 1169 1
967 1170 1
968 1171 1
970 1172 1
971 1173 1
973 1174 1
974 1175 1
976 1176 1
978 1177 1
988 1177 1
989 1177 1
2393 1177 1
978 1178 1
1950 1178 1
2113 1178 1
2260 1178 1
979 1179 1
5 1180 1
979 1180 1
1116 1180 1
1169 1180 1
2086 1180 1
2108 1180 1
2291 1180 1
2326 1180 1
982 1181 1
1978 1181 1
982 1182 1
983 1183 1
983 1184 1
984 1185 1
985 1186 1
2001 1186 1
2504 1186 1
986 1187 1
986 1188 1
986 1189 1
2102 1189 1
987 1190 1
990 1191 1
991 1192 1
992 1193 1
1458 1193 1
995 1194 1
995 1195 1
995 1196 1
996 1197 1
1000 1198 1
1001 1199 1
2258 1199 1
2379 1199 1
1001 1200 1
1326 1200 1
1799 1200 1
1911 1200 1
2105 1200 1
2537 1200 1
1002 1201 1
1002 1202 1
2447 1202 1
1004 1203 1
1005 1204 1
1008 1205 1
1049 1205 1
2355 1205 1
33 1206 1
1008 1206 1
1490 1206 1
2232 1206 1
2255 1206 1
1008 1207 1
1009 1208 1
1010 1209 1
1371 1209 1
1563 1209 1
13 1210 1
1490 1210 1
1014 1211 1
1015 1212 1
1016 1213 1
1018 1214 1
1019 1215 1
1168 1215 1
1178 1215 1
1020 1216 1
1021 1217 1
1597 1217 1
2206 1217 1
2209 1217 1
1021 1218 1
1476 1218 1
2026 1218 1
1022 1219 1
1023 1220 1
1024 1221 1
1025 1222 1
1026 1223 1
1027 1224 1
1028 1225 1
1031 1226 1
1217 1226 1
1333 1226 1
1032 1227 1
1171 1227 1
1296 1227 1
1790 1227 1
2011 1227 1
1032 1228 1
1032 1229 1
1032 1230 1
1447 1230 1
1033 1231 1
1091 1231 1
2479 1231 1
1033 1232 1
1232 1232 1
1705 1232 1
1034 1233 1
1035 1234 1
1036 1235 1
1037 1236 1
14 1237 1
14 1238 1
1038 1239 1
1039 1240 1
1434 1240 1
1040 1241 1
1041 1242 1
1042 1243 1
1043 1244 1
1044 1245 1
1215 1245 1
1678 1245 1
2377 1245 1
1046 1246 1
15 1247 1
1047 1248 1
1048 1249 1
1050 1250 1
2344 1250 1
1051 1251 1
1052 1252 1
24 1253 1
1053 1253 1
16 1254 1
16 1255 1
1147 1255 1
16 1256 1
16 1257 1
16 1258 1
16 1259 1
16 1260 1
1055 1261 1
1056 1262 1
1059 1263 1
2530 1263 1
1062 1264 1
2017 1264 1
1062 1265 1
1063 1266 1
1064 1267 1
1065 1268 1
1066 1269 1
1066 1270 1
1067 1271 1
1964 1271 1
1069 1272 1
1069 1273 1
1069 1274 1
1071 1275 1
1073 1276 1
1074 1277 1
2494 1277 1
1076 1278 1
1737 1278 1
1081 1279 1
1085 1280 1
1088 1281 1
1611 1281 1
1938 1281 1
1090 1282 1
2077 1282 1
1091 1283 1
1599 1283 1
1091 1284 1
1091 1285 1
1091 1286 1
1091 1287 1
1094 1288 1
1095 1289 1
1096 1290 1
1097 1291 1
1098 1292 1
1861 1292 1
1099 1293 1
1101 1294 1
2383 1294 1
1102 1295 1
1450 1295 1
1103 1296 1
1104 1297 1
1104 1298 1
1104 1299 1
1105 1300 1
1105 1301 1
1106 1302 1
1107 1303 1
1108 1304 1
1109 1305 1
1924 1305 1
2502 1305 1
1111 1306 1
1112 1307 1
1113 1308 1
1116 1309 1
1116 1310 1
1117 1311 1
1118 1312 1
1118 1313 1
1120 1314 1
1122 1315 1
1123 1316 1
1124 1317 1
1125 1318 1
1126 1319 1
1127 1320 1
1337 1320 1
1706 1320 1
1128 1321 1
1129 1322 1
1131 1323 1
1132 1324 1
1453 1324 1
1133 1325 1
1133 1326 1
1311 1326 1
1133 1327 1
1134 1328 1
1135 1329 1
1140 1330 1
2367 1330 1
1141 1331 1
1676 1331 1
1833 1331 1
2254 1331 1
2370 1331 1
2464 1331 1
1142 1332 1
1395 1332 1
1143 1333 1
1143 1334 1
1145 1335 1
1148 1336 1
1152 1337 1
1152 1338 1
1153 1339 1
1154 1340 1
1156 1341 1
1477 1341 1
1157 1342 1
1158 1343 1
1159 1344 1
1160 1345 1
2252 1345 1
1162 1346 1
1164 1347 1
1659 1347 1
1164 1348 1
1568 1348 1
1164 1349 1
1164 1350 1
1342 1350 1
1457 1350 1
2159 1350 1
1165 1351 1
2290 1351 1
1166 1352 1
1167 1353 1
1170 1354 1
1171 1355 1
2252 1355 1
1172 1356 1
1173 1357 1
1177 1358 1
1182 1359 1
1184 1360 1
1185 1361 1
1276 1361 1
1299 1361 1
18 1362 1
18 1363 1
1999 1363 1
18 1364 1
18 1365 1
18 1366 1
18 1367 1
1316 1367 1
18 1368 1
18 1369 1
18 1370 1
1188 1371 1
1189 1372 1
1191 1373 1
1191 1374 1
1194 1375 1
1197 1376 1
1198 1377 1
1198 1378 1
1198 1379 1
1199 1380 1
1200 1381 1
2354 1381 1
1201 1382 1
1938 1382 1
2458 1382 1
1202 1383 1
1202 1384 1
1203 1385 1
1203 1386 1
1204 1387 1
42 1388 1
1205 1388 1
1205 1389 1
1205 1390 1
1207 1391 1
1399 1391 1
1209 1392 1
1212 1393 1
1215 1394 1
1938 1394 1
1216 1395 1
1217 1396 1
1984 1396 1
1217 1397 1
1217 1398 1
2246 1398 1
1217 1399 1
1217 1400 1
1217 1401 1
1217 1402 1
1219 1403 1
1344 1403 1
1528 1403 1
1220 1404 1
1221 1405 1
1222 1406 1
1223 1407 1
1224 1408 1
1226 1409 1
1227 1410 1
2415 1410 1
1229 1411 1
2262 1411 1
20 1412 1
1231 1413 1
1234 1414 1
1235 1415 1
1236 1416 1
1237 1416 1
1238 1417 1
1239 1418 1
1240 1419 1
1241 1420 1
1303 1420 1
1243 1421 1
1244 1422 1
1247 1423 1
1248 1424 1
1249 1425 1
1249 1426 1
1907 1426 1
1250 1427 1
1251 1428 1
42 1429 1
1252 1429 1
1450 1429 1
1490 1429 1
1253 1430 1
2206 1430 1
1254 1431 1
1254 1432 1
1254 1433 1
1256 1434 1
21 1435 1
1257 1436 1
1257 1437 1
1257 1438 1
22 1439 1
22 1440 1
2492 1440 1
1262 1441 1
1262 1442 1
1265 1443 1
42 1444 1
1266 1444 1
1275 1444 1
1587 1444 1
1685 1444 1
1776 1444 1
1919 1444 1
1267 1445 1
1268 1446 1
1268 1447 1
1268 1448 1
1268 1449 1
1270 1450 1
1270 1451 1
1271 1452 1
1272 1453 1
1272 1454 1
1272 1455 1
1274 1456 1
1275 1457 1
2447 1457 1
1275 1458 1
1275 1459 1
1275 1460 1
2434 1460 1
1275 1461 1
1275 1462 1
1275 1463 1
1275 1464 1
1275 1465 1
1275 1466 1
1275 1467 1
1275 1468 1
1275 1469 1
1405 1469 1
1513 1469 1
1633 1469 1
2021 1469 1
1275 1470 1
1276 1471 1
1621 1471 1
1735 1471 1
1276 1472 1
1278 1473 1
2379 1473 1
42 1474 1
1278 1474 1
1294 1474 1
1672 1474 1
1681 1474 1
1948 1474 1
1994 1474 1
2030 1474 1
2034 1474 1
2059 1474 1
1279 1475 1
1280 1476 1
1281 1477 1
1282 1478 1
1283 1479 1
1284 1480 1
1286 1481 1
1286 1482 1
1286 1483 1
1286 1484 1
1866 1484 1
1286 1485 1
1509 1485 1
1287 1486 1
1288 1487 1
1288 1488 1
1297 1488 1
2091 1488 1
1291 1489 1
1292 1490 1
1293 1491 1
1293 1492 1
1295 1493 1
1298 1494 1
1299 1495 1
1299 1496 1
1428 1496 1
2431 1496 1
1301 1497 1
2242 1497 1
1305 1498 1
1305 1499 1
23 1500 1
1865 1500 1
23 1501 1
1307 1502 1
1308 1503 1
1745 1503 1
1309 1504 1
1310 1505 1
1311 1506 1
1312 1507 1
1312 1508 1
1312 1509 1
1312 1510 1
1313 1511 1
1842 1511 1
1313 1512 1
1315 1513 1
1317 1514 1
1317 1515 1
1317 1516 1
1317 1517 1
1317 1518 1
1317 1519 1
42 1520 1
1317 1520 1
1317 1521 1
1317 1522 1
1318 1523 1
1319 1524 1
2239 1524 1
1320 1525 1
2165 1525 1
1322 1526 1
1323 1527 1
1782 1527 1
2374 1527 1
1325 1528 1
1326 1529 1
1328 1530 1
1329 1531 1
1330 1532 1
1671 1532 1
1330 1533 1
2130 1533 1
1332 1534 1
1333 1535 1
1333 1536 1
1333 1537 1
1333 1538 1
1334 1539 1
1335 1540 1
1336 1541 1
24 1542 1
1339 1542 1
1790 1542 1
24 1543 1
24 1544 1
1425 1544 1
24 1545 1
24 1546 1
1508 1546 1
2241 1546 1
2436 1546 1
24 1547 1
24 1548 1
24 1549 1
1343 1550 1
1343 1551 1
1450 1551 1
1747 1551 1
2058 1551 1
2269 1551 1
1344 1552 1
1344 1553 1
1956 1553 1
2192 1553 1
2379 1553 1
1344 1554 1
1344 1555 1
1345 1556 1
1346 1557 1
1349 1558 1
1349 1559 1
5 1560 1
5 1561 1
5 1562 1
1353 1563 1
1355 1564 1
1356 1565 1
1356 1566 1
1357 1567 1
1358 1568 1
1358 1569 1
1359 1570 1
1360 1571 1
1360 1572 1
1363 1573 1
1363 1574 1
1364 1575 1
1365 1576 1
1366 1576 1
1968 1576 1
2272 1576 1
1368 1577 1
1369 1578 1
1370 1579 1
2281 1579 1
1370 1580 1
1371 1581 1
1524 1581 1
1754 1581 1
2185 1581 1
1371 1582 1
38 1583 1
1371 1583 1
1371 1584 1
1372 1585 1
1372 1586 1
1373 1587 1
1374 1588 1
1375 1589 1
1411 1589 1
1376 1590 1
1894 1590 1
1377 1591 1
1378 1592 1
2022 1592 1
1379 1593 1
1380 1594 1
1381 1595 1
1382 1596 1
1457 1596 1
1463 1596 1
2327 1596 1
1383 1597 1
1384 1598 1
1385 1599 1
1386 1600 1
1386 1601 1
1387 1602 1
1388 1603 1
1389 1604 1
1392 1605 1
1656 1605 1
2118 1605 1
1393 1606 1
1393 1607 1
1394 1608 1
1397 1609 1
1397 1610 1
1399 1611 1
1400 1612 1
1511 1612 1
2208 1612 1
1403 1613 1
1404 1614 1
1406 1615 1
1832 1615 1
2361 1615 1
1407 1616 1
1407 1617 1
1408 1618 1
2402 1618 1
1409 1619 1
1410 1620 1
1410 1621 1
1411 1622 1
1412 1623 1
1413 1624 1
1413 1625 1
1979 1625 1
2059 1625 1
1413 1626 1
1414 1627 1
1415 1628 1
1471 1628 1
1416 1629 1
1580 1629 1
1725 1629 1
1781 1629 1
2477 1629 1
1419 1630 1
2527 1630 1
1419 1631 1
1421 1632 1
26 1633 1
26 1634 1
1922 1634 1
2111 1634 1
1427 1635 1
1430 1636 1
1431 1637 1
1432 1638 1
1433 1639 1
1434 1640 1
1436 1641 1
1437 1642 1
1437 1643 1
1438 1644 1
1440 1645 1
1892 1645 1
1441 1646 1
1442 1647 1
1443 1648 1
1444 1649 1
1444 1650 1
1445 1651 1
1445 1652 1
1447 1653 1
1448 1654 1
1449 1655 1
1450 1656 1
1450 1657 1
1450 1658 1
1450 1659 1
1450 1660 1
1450 1661 1
1451 1662 1
2292 1662 1
1452 1663 1
1454 1664 1
1455 1665 1
1456 1666 1
2527 1666 1
1456 1667 1
1457 1668 1
2161 1668 1
1457 1669 1
1460 1670 1
1461 1671 1
1462 1672 1
1464 1673 1
1464 1674 1
1465 1675 1
1466 1676 1
1467 1677 1
1469 1678 1
1472 1679 1
1473 1680 1
1474 1681 1
1474 1682 1
1474 1683 1
1474 1684 1
1475 1685 1
1476 1686 1
1477 1687 1
1477 1688 1
1477 1689 1
1477 1690 1
38 1691 1
1477 1691 1
1478 1692 1
1479 1693 1
1480 1694 1
1481 1695 1
1888 1695 1
1482 1696 1
1484 1697 1
1485 1698 1
1485 1699 1
1485 1700 1
1485 1701 1
1485 1702 1
1 1703 1
1 1704 1
1 1705 1
1955 1705 1
1 1706 1
1 1707 1
2529 1707 1
1 1708 1
1851 1708 1
1 1709 1
1 1710 1
1486 1711 1
1487 1712 1
1487 1713 1
27 1714 1
38 1714 1
27 1715 1
1938 1715 1
27 1716 1
1907 1716 1
1489 1717 1
1535 1717 1
1577 1717 1
1799 1717 1
2207 1717 1
1490 1718 1
1490 1719 1
1722 1719 1
1490 1720 1
1490 1721 1
2472 1721 1
1492 1722 1
1493 1723 1
1494 1724 1
1495 1725 1
1803 1725 1
1495 1726 1
1495 1727 1
1495 1728 1
1496 1729 1
1499 1730 1
2122 1730 1
1500 1731 1
1501 1732 1
1502 1733 1
1503 1734 1
1503 1735 1
1504 1736 1
1505 1737 1
1506 1738 1
1507 1739 1
1509 1740 1
1509 1741 1
1509 1742 1
1509 1743 1
1512 1744 1
1766 1744 1
1513 1745 1
1513 1746 1
1513 1747 1
1513 1748 1
1513 1749 1
1515 1750 1
1516 1751 1
1518 1752 1
2299 1752 1
1520 1753 1
2394 1753 1
1526 1754 1
1526 1755 1
1527 1756 1
1528 1757 1
28 1758 1
1529 1759 1
1531 1760 1
1532 1761 1
2529 1761 1
1532 1762 1
1532 1763 1
2308 1763 1
1533 1764 1
1534 1765 1
1535 1766 1
1535 1767 1
1535 1768 1
1535 1769 1
1535 1770 1
2183 1770 1
2427 1770 1
1535 1771 1
1535 1772 1
1535 1773 1
1535 1774 1
1535 1775 1
2072 1775 1
1535 1776 1
1539 1777 1
1540 1778 1
2436 1778 1
1541 1779 1
1542 1780 1
1542 1781 1
1544 1782 1
1547 1783 1
1548 1784 1
2512 1784 1
1549 1785 1
1786 1785 1
1552 1786 1
1557 1787 1
1560 1788 1
1561 1789 1
1564 1790 1
2105 1790 1
1565 1791 1
1567 1792 1
1830 1792 1
1570 1793 1
1572 1794 1
1573 1795 1
1574 1796 1
1576 1797 1
1577 1798 1
1578 1799 1
1825 1799 1
1581 1800 1
1582 1801 1
2006 1801 1
1583 1802 1
1584 1803 1
1584 1804 1
1585 1805 1
1586 1806 1
1588 1807 1
1588 1808 1
1738 1808 1
1590 1809 1
29 1810 1
1591 1811 1
1593 1812 1
1595 1813 1
1963 1813 1
1596 1814 1
1598 1815 1
2327 1815 1
1600 1816 1
1601 1817 1
1602 1818 1
1603 1819 1
1721 1819 1
2288 1819 1
1604 1820 1
1772 1820 1
1605 1821 1
1606 1822 1
1607 1823 1
1608 1824 1
1610 1825 1
1610 1826 1
1610 1827 1
1652 1827 1
1610 1828 1
1610 1829 1
1610 1830 1
1610 1831 1
1612 1832 1
1924 1832 1
1613 1833 1
1614 1834 1
1616 1835 1
1618 1836 1
1714 1836 1
1620 1837 1
1622 1838 1
1946 1838 1
1623 1839 1
1625 1840 1
1626 1841 1
1627 1842 1
1628 1843 1
1629 1844 1
1630 1845 1
1630 1846 1
1632 1846 1
1631 1847 1
1634 1848 1
1635 1849 1
1636 1850 1
1637 1851 1
1640 1852 1
1641 1853 1
1642 1854 1
1643 1855 1
1643 1856 1
1645 1857 1
1877 1857 1
2253 1857 1
1645 1858 1
1957 1858 1
1646 1859 1
2487 1859 1
1649 1860 1
1650 1861 1
1650 1862 1
1651 1863 1
1653 1864 1
1654 1865 1
1655 1866 1
1656 1867 1
1656 1868 1
1657 1869 1
1659 1870 1
1659 1871 1
1661 1872 1
1662 1873 1
1663 1874 1
1664 1875 1
1665 1876 1
1667 1877 1
1667 1878 1
1668 1879 1
1668 1880 1
2531 1880 1
1669 1881 1
1669 1882 1
1669 1883 1
1670 1884 1
1670 1885 1
1673 1886 1
1677 1887 1
1677 1888 1
1679 1889 1
1680 1890 1
1683 1891 1
1687 1892 1
1688 1893 1
1689 1894 1
1692 1895 1
2141 1895 1
1693 1896 1
1694 1897 1
1697 1898 1
1699 1899 1
1701 1900 1
1702 1901 1
1704 1902 1
1707 1903 1
1707 1904 1
1708 1905 1
1728 1905 1
1709 1906 1
1710 1907 1
1712 1908 1
1716 1909 1
1718 1910 1
1719 1911 1
2215 1911 1
2401 1911 1
1720 1912 1
2129 1912 1
1720 1913 1
1907 1913 1
2231 1913 1
1720 1914 1
1722 1915 1
1723 1916 1
1724 1917 1
1726 1918 1
1726 1919 1
1727 1920 1
1731 1921 1
1732 1922 1
1734 1923 1
1736 1924 1
1739 1925 1
1740 1926 1
1955 1926 1
2151 1926 1
1741 1927 1
1743 1928 1
1744 1929 1
1745 1930 1
1746 1931 1
1748 1932 1
1749 1933 1
1750 1934 1
2235 1934 1
1751 1935 1
1752 1936 1
1973 1936 1
1755 1937 1
1786 1937 1
1756 1938 1
1758 1939 1
1764 1940 1
1765 1941 1
1767 1942 1
1908 1942 1
1769 1943 1
2313 1943 1
1771 1944 1
1774 1945 1
1775 1946 1
1778 1947 1
1780 1948 1
1783 1949 1
1784 1950 1
1784 1951 1
1785 1952 1
1785 1953 1
1787 1954 1
1788 1955 1
1790 1956 1
1790 1957 1
1792 1958 1
1793 1959 1
1794 1960 1
1796 1961 1
2202 1961 1
1797 1962 1
1800 1963 1
1802 1964 1
1805 1965 1
1805 1966 1
1806 1967 1
1809 1968 1
1810 1969 1
1938 1969 1
1810 1970 1
1811 1971 1
1812 1972 1
1812 1973 1
1813 1974 1
1814 1975 1
1815 1976 1
1820 1977 1
1821 1978 1
1822 1979 1
1823 1980 1
1823 1981 1
1824 1982 1
1828 1983 1
1829 1984 1
1830 1985 1
1830 1986 1
1830 1987 1
1835 1988 1
1838 1989 1
1839 1990 1
1841 1991 1
1847 1992 1
1850 1993 1
1853 1994 1
1857 1995 1
1907 1995 1
1858 1996 1
1860 1997 1
1861 1998 1
1973 1998 1
1862 1999 1
1864 2000 1
1865 2001 1
1867 2002 1
1868 2003 1
1871 2004 1
1873 2005 1
1874 2006 1
1875 2007 1
2033 2007 1
1877 2008 1
1878 2009 1
1879 2010 1
1880 2011 1
1882 2012 1
1883 2013 1
1885 2014 1
2379 2014 1
1886 2015 1
1888 2016 1
1888 2017 1
1890 2018 1
1891 2019 1
1892 2020 1
1892 2021 1
2227 2021 1
1892 2022 1
1892 2023 1
1893 2024 1
2263 2024 1
1893 2025 1
1893 2026 1
1894 2027 1
1895 2028 1
1930 2028 1
1896 2029 1
2376 2029 1
1897 2030 1
1898 2031 1
1898 2032 1
1899 2033 1
1900 2034 1
1900 2035 1
1902 2036 1
1903 2037 1
1905 2038 1
1907 2039 1
1907 2040 1
1907 2041 1
1907 2042 1
1907 2043 1
1907 2044 1
1907 2045 1
1907 2046 1
1907 2047 1
2145 2047 1
1907 2048 1
2118 2048 1
1909 2049 1
1909 2050 1
1912 2051 1
1913 2052 1
1914 2053 1
2468 2053 1
32 2054 1
1916 2055 1
1918 2056 1
1918 2057 1
1918 2058 1
1921 2059 1
1922 2060 1
1923 2061 1
1923 2062 1
1924 2063 1
1926 2064 1
1928 2065 1
1932 2066 1
1933 2067 1
1934 2068 1
1936 2069 1
1937 2070 1
2011 2070 1
1939 2071 1
1940 2072 1
1943 2073 1
1945 2074 1
1946 2075 1
1946 2076 1
2022 2076 1
1949 2077 1
1950 2078 1
1952 2079 1
1953 2080 1
1997 2080 1
1954 2081 1
1954 2082 1
1956 2083 1
1956 2084 1
2424 2084 1
1959 2085 1
1962 2086 1
1962 2087 1
1964 2088 1
1967 2089 1
1969 2090 1
1970 2091 1
1972 2092 1
1972 2093 1
2510 2093 1
2527 2093 1
1975 2094 1
1976 2095 1
1977 2096 1
1979 2097 1
1980 2098 1
1980 2099 1
1981 2100 1
2293 2100 1
1983 2101 1
1984 2102 1
1986 2103 1
2496 2103 1
1988 2104 1
2287 2104 1
1989 2105 1
1989 2106 1
1992 2107 1
1993 2108 1
1995 2109 1
1996 2110 1
1997 2111 1
1997 2112 1
1997 2113 1
2288 2113 1
1998 2114 1
1999 2115 1
1999 2116 1
1999 2117 1
2002 2118 1
2497 2118 1
2005 2119 1
2007 2120 1
2007 2121 1
2008 2122 1
2010 2123 1
2010 2124 1
2011 2125 1
2012 2126 1
2012 2127 1
2013 2128 1
2014 2129 1
2016 2130 1
2017 2131 1
2019 2132 1
2021 2133 1
2022 2134 1
2022 2135 1
2022 2136 1
2027 2137 1
2031 2138 1
2032 2139 1
2035 2140 1
2038 2141 1
2039 2142 1
2041 2143 1
2042 2144 1
2044 2145 1
2046 2146 1
2046 2147 1
2047 2148 1
2048 2149 1
2049 2150 1
2051 2151 1
2052 2152 1
2055 2153 1
2056 2154 1
2314 2154 1
2057 2155 1
2058 2156 1
2060 2157 1
2060 2158 1
2061 2159 1
2063 2160 1
2063 2161 1
2063 2162 1
2063 2163 1
2064 2164 1
2067 2165 1
2067 2166 1
2070 2167 1
2071 2168 1
34 2169 1
2073 2170 1
2075 2171 1
2076 2172 1
2078 2173 1
2079 2174 1
2079 2175 1
2080 2176 1
2084 2177 1
2433 2177 1
2090 2178 1
2116 2178 1
2091 2179 1
2094 2180 1
2095 2181 1
2096 2182 1
2097 2183 1
2097 2184 1
2098 2185 1
2099 2186 1
2100 2187 1
2101 2188 1
2106 2189 1
2107 2190 1
2109 2191 1
2319 2191 1
2382 2191 1
2109 2192 1
2110 2193 1
2111 2193 1
2111 2194 1
2112 2195 1
2114 2196 1
2114 2197 1
2114 2198 1
2294 2198 1
2115 2199 1
2116 2200 1
2117 2201 1
2118 2202 1
2119 2203 1
2120 2204 1
2121 2205 1
2123 2206 1
2124 2207 1
2126 2208 1
2126 2209 1
2126 2210 1
2128 2211 1
2131 2212 1
2133 2213 1
2134 2214 1
2139 2215 1
2142 2216 1
2145 2217 1
2146 2218 1
2147 2219 1
2148 2220 1
2148 2221 1
2149 2222 1
2150 2223 1
2153 2224 1
2156 2225 1
2159 2226 1
2162 2227 1
2166 2228 1
2167 2229 1
2168 2230 1
2170 2231 1
2171 2232 1
2172 2233 1
2174 2234 1
2174 2235 1
2198 2235 1
2175 2236 1
2176 2237 1
2176 2238 1
2176 2239 1
2176 2240 1
2177 2241 1
2178 2242 1
2180 2243 1
2180 2244 1
2182 2245 1
2183 2246 1
2183 2247 1
2186 2248 1
2187 2249 1
2188 2250 1
2193 2251 1
2194 2252 1
2195 2253 1
2196 2254 1
2197 2255 1
2247 2255 1
2199 2256 1
37 2257 1
42 2257 1
37 2258 1
2200 2259 1
2201 2260 1
2202 2261 1
2202 2262 1
2203 2263 1
2204 2264 1
2205 2265 1
2206 2266 1
2207 2267 1
2208 2268 1
2209 2269 1
2210 2270 1
2210 2271 1
2210 2272 1
2212 2273 1
2212 2274 1
2220 2275 1
2221 2276 1
2222 2277 1
2518 2277 1
2222 2278 1
2224 2279 1
2225 2280 1
2225 2281 1
2226 2282 1
2226 2283 1
2227 2284 1
2228 2285 1
2233 2286 1
2234 2287 1
2237 2288 1
2238 2289 1
2238 2290 1
2334 2290 1
2243 2291 1
2244 2291 1
2244 2292 1
2245 2293 1
2245 2294 1
2245 2295 1
2248 2296 1
2249 2297 1
2249 2298 1
2251 2299 1
2252 2300 1
2252 2301 1
2253 2302 1
2253 2303 1
2254 2304 1
2254 2305 1
2254 2306 1
2254 2307 1
2254 2308 1
2254 2309 1
2255 2310 1
2523 2310 1
2256 2311 1
2257 2312 1
2258 2313 1
2260 2314 1
2261 2315 1
2261 2316 1
2264 2317 1
2264 2318 1
2266 2319 1
2455 2319 1
2266 2320 1
2267 2321 1
2270 2322 1
2271 2323 1
38 2324 1
38 2325 1
38 2326 1
38 2327 1
38 2328 1
38 2329 1
38 2330 1
38 2331 1
38 2332 1
38 2333 1
38 2334 1
38 2335 1
2272 2336 1
2358 2336 1
2272 2337 1
2272 2338 1
2272 2339 1
2273 2340 1
2274 2341 1
2277 2342 1
2278 2343 1
2279 2344 1
2280 2345 1
2281 2346 1
2281 2347 1
2282 2348 1
2282 2349 1
2284 2350 1
2288 2351 1
2289 2352 1
2291 2353 1
2291 2354 1
2293 2355 1
2293 2356 1
2295 2357 1
2297 2358 1
2298 2359 1
2298 2360 1
2298 2361 1
2303 2362 1
2303 2363 1
2304 2364 1
2305 2365 1
2306 2366 1
2310 2367 1
2311 2368 1
2312 2369 1
2315 2370 1
2318 2371 1
2321 2372 1
2323 2373 1
2327 2374 1
2327 2375 1
2328 2376 1
2329 2377 1
2330 2378 1
2332 2379 1
2335 2380 1
2336 2381 1
2339 2382 1
2339 2383 1
2339 2384 1
2340 2385 1
2341 2386 1
2341 2387 1
2341 2388 1
2343 2389 1
2345 2390 1
2348 2391 1
2350 2392 1
2351 2393 1
2354 2394 1
2354 2395 1
2354 2396 1
2411 2396 1
2354 2397 1
2354 2398 1
2354 2399 1
2356 2400 1
2357 2401 1
2362 2402 1
2366 2403 1
2367 2404 1
2368 2405 1
2369 2406 1
2371 2407 1
2373 2408 1
2378 2409 1
2379 2410 1
2379 2411 1
2379 2412 1
2379 2413 1
2381 2414 1
2382 2415 1
2382 2416 1
2383 2417 1
2383 2418 1
2385 2419 1
2385 2420 1
2386 2421 1
2387 2422 1
2390 2423 1
2391 2424 1
2395 2425 1
2396 2426 1
2397 2427 1
2397 2428 1
2398 2429 1
2399 2430 1
2403 2431 1
2404 2432 1
2405 2433 1
2406 2434 1
2407 2435 1
2408 2436 1
2409 2437 1
2410 2438 1
2412 2439 1
2413 2440 1
2527 2440 1
2414 2441 1
2417 2442 1
2419 2443 1
2420 2444 1
2420 2445 1
2422 2446 1
2423 2447 1
2424 2448 1
2426 2449 1
2428 2450 1
2428 2451 1
2429 2452 1
2432 2453 1
2434 2454 1
2434 2455 1
2434 2456 1
2434 2457 1
2435 2458 1
2436 2459 1
2436 2460 1
2439 2461 1
2440 2462 1
2443 2463 1
2444 2464 1
2445 2465 1
2446 2466 1
2447 2467 1
2447 2468 1
2448 2469 1
2449 2470 1
2452 2471 1
2452 2472 1
2453 2473 1
2454 2474 1
2456 2475 1
2457 2476 1
2458 2477 1
2461 2478 1
2461 2479 1
2461 2480 1
2461 2481 1
2463 2482 1
2464 2483 1
2464 2484 1
2464 2485 1
2465 2486 1
2466 2487 1
2466 2488 1
2467 2489 1
42 2490 1
42 2491 1
42 2492 1
42 2493 1
42 2494 1
42 2495 1
42 2496 1
42 2497 1
42 2498 1
42 2499 1
42 2500 1
42 2501 1
42 2502 1
42 2503 1
42 2504 1
42 2505 1
2504 2505 1
42 2506 1
42 2507 1
42 2508 1
2473 2509 1
2474 2510 1
2475 2511 1
2475 2512 1
2480 2513 1
2481 2514 1
2482 2515 1
2484 2516 1
2485 2517 1
2486 2518 1
2488 2519 1
2489 2520 1
2496 2521 1
2497 2522 1
2497 2523 1
2498 2524 1
2498 2525 1
2499 2526 1
2501 2527 1
2502 2528 1
2502 2529 1
2507 2530 1
2508 2531 1
2509 2532 1
2510 2533 1
2514 2534 1
2517 2535 1
2520 2536 1
2524 2537 1
2527 2538 1
2527 2539 1
2529 2540 1
2529 2541 1
2529 2542 1
2531 2543 1
2532 2544 1
2533 2545 1
2534 2546 1
2535 2547 1
2536 2548 1
2537 2549 1
2539 2550 1
2540 2551 1
