%%MatrixMarket matrix coordinate integer general
4451 609 4929
1 1 24
2 1 24
4 1 9
188 1 15
190 1 15
191 1 15
693 1 15
694 1 15
695 1 15
848 1 15
849 1 15
850 1 15
873 1 15
874 1 15
875 1 15
915 1 15
916 1 15
917 1 15
1129 1 15
1130 1 15
1131 1 15
1544 1 15
1545 1 15
1546 1 15
1756 1 15
1757 1 15
1758 1 15
1793 1 15
1794 1 15
1795 1 15
1797 1 12
1802 1 9
2493 1 8
2494 1 8
2724 1 8
2725 1 8
3290 1 8
3298 1 8
3308 1 8
3816 1 8
3817 1 8
3894 1 8
3895 1 8
3896 1 8
3897 1 8
3999 1 8
4000 1 8
3 2 16
4 2 16
227 2 15
228 2 15
229 2 15
331 2 15
332 2 15
333 2 15
397 2 15
398 2 15
399 2 15
918 2 15
919 2 15
920 2 15
945 2 15
946 2 15
947 2 15
1079 2 15
1080 2 15
1081 2 15
1356 2 15
1357 2 15
1358 2 15
1483 2 15
1484 2 15
1485 2 15
1632 2 15
1633 2 15
1634 2 15
1805 2 8
2121 2 8
2131 2 8
2171 2 8
2172 2 8
2275 2 8
2276 2 8
2447 2 8
2448 2 8
2679 2 8
2680 2 8
3550 2 8
3551 2 8
4093 2 8
4094 2 8
5 3 15
6 3 15
7 3 15
16 3 15
17 3 15
18 3 15
19 3 15
20 3 15
21 3 15
78 3 15
83 3 15
84 3 15
94 3 15
95 3 15
96 3 15
130 3 15
131 3 15
132 3 15
316 3 15
317 3 15
318 3 15
328 3 15
329 3 15
330 3 15
334 3 15
335 3 15
336 3 15
479 3 15
480 3 15
481 3 15
536 3 15
537 3 15
538 3 15
581 3 15
582 3 15
583 3 15
596 3 15
597 3 15
598 3 15
619 3 15
620 3 15
621 3 15
646 3 15
654 3 15
655 3 15
656 3 15
676 3 15
677 3 15
729 3 15
730 3 15
731 3 15
747 3 15
748 3 15
749 3 15
796 3 15
797 3 15
798 3 15
808 3 15
809 3 15
810 3 15
845 3 15
846 3 15
847 3 15
855 3 15
862 3 15
863 3 15
1023 3 15
1024 3 15
1025 3 15
1076 3 15
1077 3 15
1078 3 15
1204 3 15
1205 3 15
1206 3 15
1207 3 15
1208 3 15
1209 3 15
1288 3 15
1289 3 15
1290 3 15
1342 3 15
1343 3 15
1344 3 15
1347 3 15
1348 3 15
1349 3 15
1420 3 15
1421 3 15
1422 3 15
1453 3 15
1454 3 15
1455 3 15
1504 3 15
1505 3 15
1506 3 15
1594 3 15
1595 3 15
1596 3 15
1649 3 15
1650 3 15
1651 3 15
1652 3 15
1653 3 15
1654 3 15
1738 3 15
1739 3 15
1740 3 15
1753 3 15
1754 3 15
1755 3 15
1799 3 8
1800 3 9
1804 3 9
1862 3 8
1863 3 8
1891 3 8
1892 3 8
1940 3 8
1941 3 8
1952 3 8
1953 3 8
2008 3 8
2009 3 8
2019 3 8
2025 3 8
2028 3 8
2029 3 8
2034 3 8
2035 3 8
2082 3 8
2084 3 8
2111 3 8
2121 3 8
2129 3 8
2130 3 8
2162 3 8
2184 3 8
2187 3 8
2228 3 8
2229 3 8
2316 3 8
2317 3 8
2320 3 8
2321 3 8
2352 3 8
2353 3 8
2429 3 8
2430 3 8
2445 3 8
2446 3 8
2504 3 8
2505 3 8
2518 3 8
2519 3 8
2541 3 8
2542 3 8
2640 3 8
2641 3 8
2706 3 8
2707 3 8
2800 3 8
2801 3 8
2816 3 8
2817 3 8
2906 3 8
2907 3 8
2970 3 8
2971 3 8
3068 3 8
3069 3 8
3120 3 8
3121 3 8
3128 3 8
3129 3 8
3278 3 8
3279 3 8
3280 3 8
3344 3 8
3345 3 8
3376 3 8
3379 3 8
3439 3 8
3440 3 8
3481 3 8
3482 3 8
3491 3 8
3498 3 8
3643 3 8
3644 3 8
3690 3 8
3691 3 8
3714 3 8
3715 3 8
3746 3 8
3747 3 8
3759 3 8
3762 3 8
3830 3 8
3831 3 8
3847 3 8
3848 3 8
3853 3 8
3854 3 8
3869 3 8
3870 3 8
4045 3 8
4052 3 8
4053 3 8
4072 3 8
4073 3 8
4088 3 8
4089 3 8
4096 3 8
4115 3 8
4116 3 8
4120 3 8
4159 3 8
4184 3 8
4186 3 8
4206 3 8
4207 3 8
4236 3 8
4237 3 8
4242 3 8
4243 3 8
4322 3 8
4323 3 8
4324 3 8
4325 3 8
4376 3 8
4377 3 8
4386 3 8
4387 3 8
4402 3 8
4403 3 8
4416 3 8
4417 3 8
4424 3 8
4425 3 8
4447 3 8
4448 3 8
8 4 15
9 4 15
10 4 15
230 4 15
231 4 15
232 4 15
236 4 15
237 4 15
304 4 15
305 4 15
306 4 15
466 4 15
467 4 15
468 4 15
1118 4 15
1119 4 15
1120 4 15
1258 4 15
1259 4 15
1260 4 15
1315 4 15
1316 4 15
1317 4 15
1376 4 15
1377 4 15
1378 4 15
1489 4 15
1490 4 15
1491 4 15
1824 4 8
1825 4 8
1956 4 8
1957 4 8
2000 4 8
2001 4 8
2064 4 8
2065 4 8
2090 4 8
2140 4 8
2418 4 8
2419 4 8
2626 4 8
2627 4 8
2765 4 8
2766 4 8
2789 4 8
2790 4 8
2814 4 8
2815 4 8
2867 4 8
2868 4 8
2933 4 8
2934 4 8
3493 4 8
3494 4 8
3621 4 8
3622 4 8
3824 4 8
3825 4 8
3857 4 8
3858 4 8
4015 4 8
4016 4 8
4032 4 8
4033 4 8
4046 4 8
4103 4 8
4110 4 8
4171 4 8
4179 4 8
11 5 15
12 5 15
13 5 15
31 5 15
32 5 15
33 5 15
265 5 15
266 5 15
267 5 15
400 5 15
401 5 15
402 5 15
469 5 15
472 5 15
473 5 15
665 5 15
666 5 15
667 5 15
1091 5 15
1092 5 15
1093 5 15
1944 5 8
1945 5 8
1987 5 8
1988 5 8
2146 5 8
2147 5 8
2159 5 8
2160 5 8
2277 5 8
2278 5 8
2386 5 8
2390 5 8
2420 5 8
2421 5 8
2681 5 8
2682 5 8
2761 5 8
2762 5 8
2927 5 8
2944 5 8
3094 5 8
3095 5 8
3388 5 8
3416 5 8
3451 5 8
3452 5 8
3559 5 8
3563 5 8
3633 5 8
3634 5 8
3892 5 8
3893 5 8
14 6 15
15 6 15
16 6 15
2428 6 8
2429 6 8
22 7 15
23 7 15
24 7 15
91 7 15
92 7 15
93 7 15
206 7 15
207 7 15
208 7 15
307 7 15
308 7 15
309 7 15
379 7 15
380 7 15
381 7 15
651 7 15
652 7 15
653 7 15
663 7 15
664 7 15
665 7 15
678 7 15
679 7 15
680 7 15
773 7 15
774 7 15
775 7 15
990 7 15
991 7 15
992 7 15
1038 7 15
1039 7 15
1040 7 15
1192 7 15
1193 7 15
1194 7 15
1225 7 15
1226 7 15
1227 7 15
1228 7 15
1229 7 15
1230 7 15
1321 7 15
1322 7 15
1323 7 15
1385 7 15
1386 7 15
1387 7 15
1403 7 15
1404 7 15
1405 7 15
1435 7 15
1436 7 15
1437 7 15
1562 7 15
1563 7 15
1564 7 15
1603 7 15
1604 7 15
1605 7 15
1667 7 15
1668 7 15
1669 7 15
1843 7 8
1844 7 8
1983 7 8
1984 7 8
1989 7 8
1990 7 8
2322 7 8
2323 7 8
2349 7 8
2363 7 8
2561 7 8
2562 7 8
2624 7 8
2625 7 8
2688 7 8
2689 7 8
2783 7 8
2784 7 8
3066 7 8
3067 7 8
3078 7 8
3079 7 8
3082 7 8
3083 7 8
3093 7 8
3094 7 8
3104 7 8
3105 7 8
3154 7 8
3155 7 8
3365 7 8
3366 7 8
3388 7 8
3423 7 8
3504 7 8
3505 7 8
3508 7 8
3509 7 8
3612 7 8
3613 7 8
3649 7 8
3650 7 8
3664 7 8
3665 7 8
3849 7 8
3850 7 8
3871 7 8
3872 7 8
3882 7 8
3883 7 8
3898 7 8
3899 7 8
3970 7 8
3971 7 8
3995 7 8
3996 7 8
4132 7 8
4133 7 8
4180 7 8
4181 7 8
4196 7 8
4197 7 8
4227 7 8
4228 7 8
4320 7 8
4321 7 8
4420 7 8
4421 7 8
25 8 15
26 8 15
27 8 15
118 8 15
119 8 15
120 8 15
218 8 15
219 8 15
220 8 15
554 8 15
555 8 15
556 8 15
614 8 15
615 8 15
616 8 15
1147 8 15
1148 8 15
1149 8 15
1189 8 15
1190 8 15
1191 8 15
1282 8 15
1283 8 15
1284 8 15
1350 8 15
1351 8 15
1352 8 15
1811 8 8
1812 8 8
1841 8 8
1842 8 8
1866 8 8
1867 8 8
1889 8 8
1890 8 8
2093 8 8
2094 8 8
2326 8 8
2327 8 8
2578 8 8
2579 8 8
2968 8 8
2969 8 8
3143 8 8
3144 8 8
3301 8 8
3304 8 8
3403 8 8
3404 8 8
3540 8 8
3541 8 8
3925 8 8
3926 8 8
4036 8 8
4037 8 8
4046 8 8
4098 8 8
4099 8 8
4102 8 8
4104 8 8
4269 8 8
4270 8 8
28 9 15
29 9 15
30 9 15
61 9 15
62 9 15
63 9 15
584 9 15
585 9 15
586 9 15
634 9 15
635 9 15
636 9 15
705 9 15
706 9 15
707 9 15
765 9 15
766 9 15
767 9 15
831 9 15
832 9 15
833 9 15
1085 9 15
1086 9 15
1087 9 15
1344 9 15
1345 9 15
1346 9 15
1462 9 15
1463 9 15
1464 9 15
1553 9 15
1554 9 15
1555 9 15
1981 9 8
1982 9 8
2058 9 8
2059 9 8
2082 9 8
2085 9 8
2287 9 8
2288 9 8
2289 9 8
2290 9 8
2358 9 8
2359 9 8
2571 9 8
2572 9 8
2673 9 8
2674 9 8
2832 9 8
2833 9 8
2896 9 8
2897 9 8
2929 9 8
2930 9 8
3046 9 8
3047 9 8
3114 9 8
3115 9 8
3131 9 8
3132 9 8
3141 9 8
3142 9 8
3237 9 8
3238 9 8
3457 9 8
3458 9 8
3500 9 8
3501 9 8
3504 9 8
3511 9 8
3588 9 8
3589 9 8
3740 9 8
3741 9 8
3964 9 8
3965 9 8
4132 9 8
4134 9 8
4148 9 8
4149 9 8
4388 9 8
4389 9 8
4414 9 8
4415 9 8
34 10 15
35 10 15
36 10 15
1826 10 8
1837 10 8
2738 10 8
2739 10 8
37 11 15
38 11 15
39 11 15
73 11 15
74 11 15
75 11 15
88 11 15
89 11 15
90 11 15
253 11 15
254 11 15
255 11 15
277 11 15
278 11 15
279 11 15
283 11 15
284 11 15
285 11 15
482 11 15
483 11 15
484 11 15
509 11 15
510 11 15
511 11 15
590 11 15
591 11 15
592 11 15
599 11 15
600 11 15
601 11 15
802 11 15
803 11 15
804 11 15
897 11 15
898 11 15
899 11 15
939 11 15
940 11 15
941 11 15
981 11 15
982 11 15
983 11 15
996 11 15
997 11 15
998 11 15
1053 11 15
1054 11 15
1055 11 15
1070 11 15
1071 11 15
1072 11 15
1094 11 15
1095 11 15
1096 11 15
1210 11 15
1211 11 15
1212 11 15
1303 11 15
1304 11 15
1305 11 15
1373 11 15
1374 11 15
1375 11 15
1379 11 15
1380 11 15
1381 11 15
1388 11 15
1389 11 15
1390 11 15
1661 11 15
1662 11 15
1663 11 15
1782 11 15
1783 11 15
2010 11 8
2011 11 8
2095 11 8
2110 11 8
2123 11 8
2124 11 8
2125 11 8
2126 11 8
2141 11 8
2165 11 8
2242 11 8
2250 11 8
2476 11 8
2477 11 8
2555 11 8
2556 11 8
2878 11 8
2879 11 8
2890 11 8
2891 11 8
2940 11 8
2941 11 8
2953 11 8
2954 11 8
3090 11 8
3091 11 8
3145 11 8
3146 11 8
3258 11 8
3259 11 8
3295 11 8
3296 11 8
3334 11 8
3337 11 8
3388 11 8
3407 11 8
3408 11 8
3417 11 8
3426 11 8
3436 11 8
3437 11 8
3538 11 8
3546 11 8
3680 11 8
3681 11 8
3748 11 8
3749 11 8
3780 11 8
3781 11 8
3876 11 8
3877 11 8
3906 11 8
3907 11 8
3915 11 8
3922 11 8
3923 11 8
3934 11 8
3958 11 8
3959 11 8
4159 11 8
4172 11 8
4187 11 8
4192 11 8
4234 11 8
4235 11 8
4362 11 8
4363 11 8
3 12 8
4 12 8
40 12 15
41 12 15
42 12 15
512 12 15
513 12 15
514 12 15
1195 12 15
1196 12 15
1197 12 15
1694 12 15
1695 12 15
1696 12 15
1787 12 15
1788 12 15
1789 12 15
1936 12 8
1937 12 8
1979 12 8
1980 12 8
2173 12 8
2174 12 8
2677 12 8
2678 12 8
2882 12 8
2883 12 8
3286 12 8
3287 12 8
3386 12 8
3387 12 8
3388 12 8
3422 12 8
3635 12 8
3636 12 8
3814 12 8
3815 12 8
3981 12 8
3982 12 8
43 13 15
44 13 15
45 13 15
172 13 15
173 13 15
174 13 15
448 13 15
449 13 15
450 13 15
488 13 15
489 13 15
490 13 15
767 13 15
768 13 15
769 13 15
809 13 15
811 13 15
812 13 15
972 13 15
973 13 15
974 13 15
1394 13 15
1395 13 15
1396 13 15
1495 13 15
1496 13 15
1497 13 15
1597 13 15
1598 13 15
1599 13 15
1851 13 8
1946 13 8
2103 13 8
2189 13 8
2399 13 8
2400 13 8
2712 13 8
2713 13 8
2838 13 8
2839 13 8
2902 13 8
2903 13 8
2927 13 8
2928 13 8
2972 13 8
2973 13 8
3009 13 8
3010 13 8
3340 13 8
3341 13 8
3791 13 8
3792 13 8
4290 13 8
4291 13 8
4394 13 8
4395 13 8
46 14 15
47 14 15
48 14 15
2997 14 8
2998 14 8
49 15 15
50 15 15
51 15 15
212 15 15
213 15 15
214 15 15
388 15 15
389 15 15
390 15 15
551 15 15
552 15 15
553 15 15
702 15 15
703 15 15
704 15 15
744 15 15
745 15 15
746 15 15
759 15 15
760 15 15
761 15 15
770 15 15
771 15 15
772 15 15
828 15 15
829 15 15
830 15 15
984 15 15
985 15 15
986 15 15
1062 15 15
1063 15 15
1064 15 15
1103 15 15
1104 15 15
1105 15 15
1219 15 15
1220 15 15
1221 15 15
1231 15 15
1232 15 15
1233 15 15
1324 15 15
1325 15 15
1326 15 15
1459 15 15
1460 15 15
1461 15 15
1526 15 15
1527 15 15
1528 15 15
1547 15 15
1548 15 15
1549 15 15
1712 15 15
1713 15 15
1714 15 15
1853 15 8
1854 15 8
1887 15 8
1888 15 8
1893 15 8
1894 15 8
1914 15 8
1915 15 8
1934 15 8
1935 15 8
1938 15 8
1939 15 8
1959 15 8
1960 15 8
1967 15 8
1968 15 8
2036 15 8
2037 15 8
2144 15 8
2145 15 8
2237 15 8
2256 15 8
2340 15 8
2341 15 8
2426 15 8
2427 15 8
2514 15 8
2515 15 8
2919 15 8
2921 15 8
2947 15 8
2948 15 8
2999 15 8
3000 15 8
3001 15 8
3002 15 8
3031 15 8
3032 15 8
3115 15 8
3116 15 8
3312 15 8
3313 15 8
3388 15 8
3390 15 8
3391 15 8
3424 15 8
3454 15 8
3455 15 8
3468 15 8
3469 15 8
3476 15 8
3477 15 8
3641 15 8
3642 15 8
3660 15 8
3661 15 8
3674 15 8
3675 15 8
3796 15 8
3797 15 8
3863 15 8
3864 15 8
3874 15 8
3875 15 8
3933 15 8
3934 15 8
3962 15 8
3963 15 8
3979 15 8
3980 15 8
3985 15 8
3986 15 8
3993 15 8
3994 15 8
4013 15 8
4014 15 8
4023 15 8
4024 15 8
4046 15 8
4061 15 8
4068 15 8
4069 15 8
4070 15 8
4071 15 8
4091 15 8
4092 15 8
4111 15 8
4174 15 8
4175 15 8
4177 15 8
4178 15 8
4221 15 8
4222 15 8
4246 15 8
4247 15 8
4338 15 8
4339 15 8
4350 15 8
4351 15 8
4352 15 8
4353 15 8
52 16 15
53 16 15
54 16 15
103 16 15
104 16 15
105 16 15
124 16 15
125 16 15
126 16 15
215 16 15
216 16 15
217 16 15
274 16 15
275 16 15
276 16 15
298 16 15
299 16 15
300 16 15
322 16 15
323 16 15
324 16 15
325 16 15
326 16 15
327 16 15
340 16 15
341 16 15
342 16 15
355 16 15
356 16 15
357 16 15
391 16 15
392 16 15
393 16 15
412 16 15
413 16 15
414 16 15
418 16 15
419 16 15
420 16 15
427 16 15
428 16 15
429 16 15
445 16 15
446 16 15
447 16 15
476 16 15
477 16 15
478 16 15
542 16 15
543 16 15
544 16 15
560 16 15
561 16 15
562 16 15
608 16 15
609 16 15
610 16 15
663 16 15
671 16 15
672 16 15
673 16 15
674 16 15
675 16 15
681 16 15
682 16 15
683 16 15
799 16 15
800 16 15
801 16 15
864 16 15
865 16 15
866 16 15
912 16 15
913 16 15
914 16 15
921 16 15
922 16 15
923 16 15
933 16 15
934 16 15
935 16 15
954 16 15
955 16 15
956 16 15
966 16 15
967 16 15
968 16 15
969 16 15
970 16 15
971 16 15
1132 16 15
1133 16 15
1134 16 15
1180 16 15
1181 16 15
1182 16 15
1237 16 15
1238 16 15
1239 16 15
1255 16 15
1256 16 15
1257 16 15
1285 16 15
1286 16 15
1287 16 15
1291 16 15
1292 16 15
1293 16 15
1297 16 15
1298 16 15
1299 16 15
1408 16 15
1409 16 15
1410 16 15
1426 16 15
1427 16 15
1428 16 15
1441 16 15
1442 16 15
1443 16 15
1529 16 15
1530 16 15
1531 16 15
1532 16 15
1533 16 15
1534 16 15
1535 16 15
1536 16 15
1537 16 15
1585 16 15
1586 16 15
1587 16 15
1588 16 15
1589 16 15
1590 16 15
1626 16 15
1627 16 15
1628 16 15
1635 16 15
1636 16 15
1637 16 15
1644 16 15
1645 16 15
1646 16 15
1700 16 15
1701 16 15
1702 16 15
1730 16 15
1731 16 15
1732 16 15
1776 16 15
1777 16 15
1778 16 15
1808 16 8
1813 16 8
1814 16 8
1843 16 8
1851 16 8
1852 16 8
1886 16 8
1913 16 8
1924 16 8
1925 16 8
2038 16 8
2039 16 8
2050 16 8
2051 16 8
2068 16 8
2072 16 8
2121 16 8
2133 16 8
2134 16 8
2179 16 8
2180 16 8
2218 16 8
2219 16 8
2279 16 8
2280 16 8
2309 16 8
2310 16 8
2314 16 8
2315 16 8
2356 16 8
2357 16 8
2439 16 8
2440 16 8
2477 16 8
2478 16 8
2487 16 8
2488 16 8
2502 16 8
2503 16 8
2512 16 8
2513 16 8
2530 16 8
2531 16 8
2575 16 8
2576 16 8
2620 16 8
2621 16 8
2622 16 8
2623 16 8
2661 16 8
2662 16 8
2710 16 8
2711 16 8
2779 16 8
2780 16 8
2804 16 8
2805 16 8
2861 16 8
2862 16 8
2995 16 8
2996 16 8
3003 16 8
3004 16 8
3048 16 8
3049 16 8
3100 16 8
3101 16 8
3122 16 8
3123 16 8
3137 16 8
3138 16 8
3147 16 8
3148 16 8
3179 16 8
3180 16 8
3181 16 8
3182 16 8
3247 16 8
3248 16 8
3279 16 8
3283 16 8
3315 16 8
3316 16 8
3350 16 8
3351 16 8
3356 16 8
3357 16 8
3392 16 8
3393 16 8
3413 16 8
3414 16 8
3466 16 8
3467 16 8
3513 16 8
3516 16 8
3517 16 8
3533 16 8
3584 16 8
3585 16 8
3696 16 8
3697 16 8
3715 16 8
3717 16 8
3732 16 8
3733 16 8
3812 16 8
3813 16 8
3822 16 8
3823 16 8
3954 16 8
3955 16 8
4006 16 8
4007 16 8
4086 16 8
4087 16 8
4204 16 8
4205 16 8
4232 16 8
4233 16 8
4253 16 8
4254 16 8
4384 16 8
4385 16 8
4392 16 8
4393 16 8
4428 16 8
4429 16 8
4434 16 8
4435 16 8
4436 16 8
4437 16 8
55 17 15
56 17 15
57 17 15
3096 17 8
3097 17 8
58 18 15
59 18 15
60 18 15
616 18 15
617 18 15
618 18 15
1591 18 15
1592 18 15
1593 18 15
2148 18 8
2149 18 8
2522 18 8
2523 18 8
2545 18 8
2546 18 8
3269 18 8
3270 18 8
3836 18 8
3837 18 8
64 19 15
65 19 15
66 19 15
343 19 15
344 19 15
345 19 15
842 19 15
843 19 15
844 19 15
2690 19 8
2691 19 8
2716 19 8
2717 19 8
3072 19 8
3073 19 8
3102 19 8
3103 19 8
3639 19 8
3640 19 8
4277 19 8
4278 19 8
67 20 15
68 20 15
69 20 15
3678 20 8
3679 20 8
70 21 15
71 21 15
72 21 15
3736 21 8
3737 21 8
76 22 15
77 22 15
78 22 15
2951 22 8
2952 22 8
3758 22 8
3759 22 8
78 23 15
79 23 15
80 23 15
557 23 15
558 23 15
559 23 15
987 23 15
988 23 15
989 23 15
2095 23 8
2139 23 8
2500 23 8
2501 23 8
2528 23 8
2529 23 8
2746 23 8
2747 23 8
2981 23 8
2982 23 8
3647 23 8
3648 23 8
3759 23 8
3760 23 8
4161 23 8
4162 23 8
78 24 15
81 24 15
82 24 15
3759 24 8
3761 24 8
85 25 15
86 25 15
87 25 15
166 25 15
167 25 15
168 25 15
233 25 15
234 25 15
235 25 15
319 25 15
320 25 15
321 25 15
711 25 15
712 25 15
713 25 15
1141 25 15
1142 25 15
1143 25 15
1498 25 15
1499 25 15
1500 25 15
1518 25 15
1519 25 15
1520 25 15
2070 25 8
2076 25 8
2235 25 8
2238 25 8
2443 25 8
2444 25 8
2945 25 8
2946 25 8
3012 25 8
3013 25 8
3014 25 8
3384 25 8
3385 25 8
3513 25 8
3514 25 8
3704 25 8
3705 25 8
3787 25 8
3788 25 8
97 26 15
98 26 15
99 26 15
3767 26 8
3768 26 8
100 27 15
101 27 15
102 27 15
106 28 15
107 28 15
108 28 15
136 28 15
137 28 15
138 28 15
148 28 15
149 28 15
150 28 15
238 28 15
239 28 15
240 28 15
268 28 15
269 28 15
270 28 15
271 28 15
272 28 15
273 28 15
292 28 15
293 28 15
294 28 15
295 28 15
296 28 15
297 28 15
358 28 15
359 28 15
360 28 15
367 28 15
368 28 15
369 28 15
415 28 15
416 28 15
417 28 15
424 28 15
425 28 15
426 28 15
451 28 15
452 28 15
453 28 15
485 28 15
486 28 15
487 28 15
491 28 15
492 28 15
493 28 15
524 28 15
525 28 15
526 28 15
527 28 15
528 28 15
529 28 15
625 28 15
626 28 15
627 28 15
631 28 15
632 28 15
633 28 15
741 28 15
742 28 15
743 28 15
756 28 15
757 28 15
758 28 15
859 28 15
860 28 15
861 28 15
927 28 15
928 28 15
929 28 15
978 28 15
979 28 15
980 28 15
1050 28 15
1051 28 15
1052 28 15
1066 28 15
1068 28 15
1069 28 15
1109 28 15
1110 28 15
1111 28 15
1150 28 15
1151 28 15
1152 28 15
1153 28 15
1154 28 15
1155 28 15
1201 28 15
1202 28 15
1203 28 15
1246 28 15
1247 28 15
1248 28 15
1318 28 15
1319 28 15
1320 28 15
1365 28 15
1366 28 15
1367 28 15
1368 28 15
1369 28 15
1370 28 15
1417 28 15
1418 28 15
1419 28 15
1556 28 15
1557 28 15
1558 28 15
1579 28 15
1580 28 15
1581 28 15
1615 28 15
1616 28 15
1617 28 15
1621 28 15
1622 28 15
1623 28 15
1647 28 15
1648 28 15
1733 28 15
1734 28 15
1735 28 15
1796 28 8
1799 28 9
1803 28 9
1813 28 8
1826 28 8
1838 28 8
1884 28 8
1971 28 8
1972 28 8
2030 28 8
2031 28 8
2045 28 8
2046 28 8
2056 28 8
2057 28 8
2066 28 8
2067 28 8
2097 28 8
2098 28 8
2101 28 8
2121 28 8
2127 28 8
2128 28 8
2132 28 8
2153 28 8
2154 28 8
2178 28 8
2332 28 8
2333 28 8
2336 28 8
2337 28 8
2349 28 8
2351 28 8
2362 28 8
2377 28 8
2378 28 8
2379 28 8
2381 28 8
2386 28 8
2387 28 8
2388 28 8
2389 28 8
2397 28 8
2398 28 8
2405 28 8
2406 28 8
2407 28 8
2408 28 8
2441 28 8
2442 28 8
2470 28 8
2471 28 8
2497 28 8
2498 28 8
2526 28 8
2527 28 8
2536 28 8
2537 28 8
2598 28 8
2599 28 8
2602 28 8
2603 28 8
2610 28 8
2611 28 8
2742 28 8
2743 28 8
2771 28 8
2772 28 8
2808 28 8
2809 28 8
2830 28 8
2831 28 8
2844 28 8
2845 28 8
2849 28 8
2850 28 8
2874 28 8
2875 28 8
2985 28 8
2986 28 8
2989 28 8
2990 28 8
3056 28 8
3057 28 8
3152 28 8
3153 28 8
3177 28 8
3178 28 8
3187 28 8
3188 28 8
3192 28 8
3193 28 8
3195 28 8
3196 28 8
3199 28 8
3200 28 8
3213 28 8
3214 28 8
3243 28 8
3244 28 8
3251 28 8
3252 28 8
3262 28 8
3263 28 8
3264 28 8
3320 28 8
3321 28 8
3388 28 8
3418 28 8
3448 28 8
3449 28 8
3522 28 8
3523 28 8
3530 28 8
3531 28 8
3610 28 8
3611 28 8
3676 28 8
3677 28 8
3694 28 8
3695 28 8
3700 28 8
3701 28 8
3706 28 8
3707 28 8
3763 28 8
3764 28 8
3789 28 8
3793 28 8
3798 28 8
3799 28 8
3867 28 8
3868 28 8
3900 28 8
3901 28 8
3917 28 8
3918 28 8
3920 28 8
3921 28 8
3973 28 8
3974 28 8
3989 28 8
3990 28 8
3991 28 8
3992 28 8
4004 28 8
4005 28 8
4046 28 8
4078 28 8
4079 28 8
4107 28 8
4112 28 8
4113 28 8
4143 28 8
4144 28 8
4155 28 8
4156 28 8
4209 28 8
4213 28 8
4300 28 8
4301 28 8
4312 28 8
4313 28 8
4340 28 8
4341 28 8
4422 28 8
4423 28 8
4438 28 8
4439 28 8
109 29 15
110 29 15
111 29 15
115 29 15
116 29 15
117 29 15
151 29 15
152 29 15
153 29 15
154 29 15
155 29 15
156 29 15
247 29 15
248 29 15
249 29 15
262 29 15
263 29 15
264 29 15
708 29 15
709 29 15
710 29 15
833 29 15
834 29 15
835 29 15
888 29 15
889 29 15
890 29 15
1144 29 15
1145 29 15
1146 29 15
1174 29 15
1175 29 15
1176 29 15
1183 29 15
1184 29 15
1185 29 15
1249 29 15
1250 29 15
1251 29 15
1273 29 15
1274 29 15
1275 29 15
1306 29 15
1307 29 15
1308 29 15
1570 29 15
1571 29 15
1572 29 15
1600 29 15
1601 29 15
1602 29 15
1609 29 15
1610 29 15
1611 29 15
1629 29 15
1630 29 15
1631 29 15
1703 29 15
1704 29 15
1705 29 15
1790 29 15
1791 29 15
1792 29 15
1796 29 12
1798 29 12
1835 29 8
1836 29 8
1874 29 8
1875 29 8
1877 29 8
1878 29 8
1922 29 8
1923 29 8
1927 29 8
1928 29 8
2079 29 8
2080 29 8
2081 29 8
2082 29 8
2111 29 8
2186 29 8
2290 29 8
2291 29 8
2345 29 8
2347 29 8
2367 29 8
2368 29 8
2462 29 8
2463 29 8
2559 29 8
2560 29 8
2646 29 8
2647 29 8
2692 29 8
2693 29 8
2796 29 8
2797 29 8
2798 29 8
2799 29 8
2859 29 8
2860 29 8
2900 29 8
2901 29 8
2924 29 8
2925 29 8
2926 29 8
2949 29 8
2950 29 8
3070 29 8
3071 29 8
3119 29 8
3120 29 8
3149 29 8
3150 29 8
3173 29 8
3207 29 8
3208 29 8
3233 29 8
3234 29 8
3375 29 8
3376 29 8
3388 29 8
3419 29 8
3428 29 8
3430 29 8
3433 29 8
3435 29 8
3457 29 8
3461 29 8
3496 29 8
3497 29 8
3504 29 8
3510 29 8
3519 29 8
3548 29 8
3698 29 8
3699 29 8
3715 29 8
3716 29 8
3776 29 8
3777 29 8
3804 29 8
3805 29 8
4126 29 8
4127 29 8
4159 29 8
4188 29 8
4364 29 8
4365 29 8
4400 29 8
4401 29 8
4449 29 8
4450 29 8
112 30 15
113 30 15
114 30 15
1312 30 15
1313 30 15
1314 30 15
2364 30 8
2374 30 8
2549 30 8
2550 30 8
2655 30 8
2656 30 8
2888 30 8
2889 30 8
3106 30 8
3107 30 8
3388 30 8
3419 30 8
3474 30 8
3475 30 8
3530 30 8
3555 30 8
3750 30 8
3751 30 8
3931 30 8
3932 30 8
3960 30 8
3961 30 8
121 31 15
122 31 15
123 31 15
1276 31 15
1277 31 15
1278 31 15
1512 31 15
1513 31 15
1514 31 15
1664 31 15
1665 31 15
1666 31 15
1770 31 15
1771 31 15
1772 31 15
2224 31 8
2225 31 8
2401 31 8
2402 31 8
2403 31 8
2404 31 8
2663 31 8
2664 31 8
3011 31 8
3012 31 8
3139 31 8
3140 31 8
3185 31 8
3186 31 8
3279 31 8
3281 31 8
3464 31 8
3465 31 8
3888 31 8
3889 31 8
3927 31 8
3928 31 8
4046 31 8
4101 31 8
4308 31 8
4309 31 8
127 32 15
128 32 15
129 32 15
1821 32 8
1822 32 8
2356 32 8
2361 32 8
3288 32 8
3327 32 8
133 33 15
134 33 15
135 33 15
1541 33 15
1542 33 15
1543 33 15
2108 33 8
2155 33 8
2251 33 8
2252 33 8
3354 33 8
3355 33 8
4130 33 8
4131 33 8
139 34 15
140 34 15
141 34 15
882 34 15
883 34 15
884 34 15
993 34 15
994 34 15
995 34 15
1353 34 15
1354 34 15
1355 34 15
1655 34 15
1656 34 15
1657 34 15
1779 34 15
1780 34 15
1781 34 15
2267 34 8
2268 34 8
2414 34 8
2415 34 8
2828 34 8
2829 34 8
3050 34 8
3051 34 8
3654 34 8
3655 34 8
142 35 15
143 35 15
144 35 15
463 35 15
464 35 15
465 35 15
790 35 15
791 35 15
792 35 15
1874 35 8
1876 35 8
2290 35 8
2292 35 8
2472 35 8
2473 35 8
2606 35 8
2607 35 8
2755 35 8
2756 35 8
3042 35 8
3043 35 8
3060 35 8
3061 35 8
3317 35 8
3318 35 8
3388 35 8
3434 35 8
3453 35 8
3454 35 8
3489 35 8
3490 35 8
3820 35 8
3821 35 8
145 36 15
146 36 15
147 36 15
460 36 15
461 36 15
462 36 15
784 36 15
785 36 15
786 36 15
819 36 15
820 36 15
821 36 15
825 36 15
826 36 15
827 36 15
1450 36 15
1451 36 15
1452 36 15
1486 36 15
1487 36 15
1488 36 15
1582 36 15
1583 36 15
1584 36 15
1624 36 15
1625 36 15
1626 36 15
1854 36 8
1856 36 8
1961 36 8
1962 36 8
2032 36 8
2033 36 8
2091 36 8
2092 36 8
2254 36 8
2255 36 8
2313 36 8
2314 36 8
2354 36 8
2355 36 8
2641 36 8
2643 36 8
2731 36 8
2732 36 8
2983 36 8
2984 36 8
3015 36 8
3016 36 8
3124 36 8
3125 36 8
3688 36 8
3689 36 8
3774 36 8
3775 36 8
3946 36 8
3947 36 8
4159 36 8
4189 36 8
4217 36 8
4218 36 8
4398 36 8
4399 36 8
157 37 15
158 37 15
159 37 15
3254 37 8
3255 37 8
160 38 15
161 38 15
162 38 15
1843 38 8
1860 38 8
1868 38 8
1912 38 8
3209 38 8
3210 38 8
163 39 15
164 39 15
165 39 15
197 39 15
198 39 15
199 39 15
241 39 15
242 39 15
243 39 15
421 39 15
422 39 15
423 39 15
738 39 15
739 39 15
740 39 15
750 39 15
751 39 15
752 39 15
924 39 15
925 39 15
926 39 15
1020 39 15
1021 39 15
1022 39 15
1828 39 8
1829 39 8
1953 39 8
1954 39 8
2121 39 8
2137 39 8
2168 39 8
2169 39 8
2384 39 8
2385 39 8
2474 39 8
2475 39 8
3062 39 8
3063 39 8
3333 39 8
3334 39 8
3940 39 8
3941 39 8
3942 39 8
3943 39 8
4137 39 8
4138 39 8
4294 39 8
4295 39 8
169 40 15
170 40 15
171 40 15
548 40 15
549 40 15
550 40 15
1330 40 15
1331 40 15
1332 40 15
1486 40 15
1521 40 15
1522 40 15
1718 40 15
1719 40 15
1720 40 15
1724 40 15
1725 40 15
1726 40 15
2117 40 8
2121 40 8
2122 40 8
2193 40 8
2242 40 8
2258 40 8
2283 40 8
2284 40 8
2395 40 8
2396 40 8
2499 40 8
2500 40 8
2628 40 8
2629 40 8
2937 40 8
2938 40 8
3279 40 8
3282 40 8
3357 40 8
3358 40 8
3656 40 8
3657 40 8
3721 40 8
3732 40 8
3802 40 8
3803 40 8
3904 40 8
3905 40 8
3938 40 8
3939 40 8
175 41 15
176 41 15
177 41 15
361 41 15
362 41 15
363 41 15
1059 41 15
1060 41 15
1061 41 15
1400 41 15
1401 41 15
1402 41 15
2886 41 8
2887 41 8
3288 41 8
3289 41 8
3309 41 8
4095 41 8
4096 41 8
4314 41 8
4315 41 8
4412 41 8
4413 41 8
178 42 15
179 42 15
180 42 15
3088 42 8
3089 42 8
181 43 15
182 43 15
183 43 15
3191 43 8
3194 43 8
3205 43 8
3206 43 8
184 44 15
185 44 15
186 44 15
259 44 15
260 44 15
261 44 15
657 44 15
658 44 15
659 44 15
2886 44 8
2887 44 8
3183 44 8
3184 44 8
3229 44 8
3230 44 8
3361 44 8
3362 44 8
187 45 15
188 45 15
189 45 15
2206 45 8
2207 45 8
2696 45 8
2697 45 8
3290 45 8
3301 45 8
192 46 15
193 46 15
194 46 15
3297 46 8
3327 46 8
193 47 15
195 47 15
196 47 15
3297 47 8
3315 47 8
200 48 15
201 48 15
202 48 15
3338 48 8
3339 48 8
203 49 15
204 49 15
205 49 15
668 49 15
669 49 15
670 49 15
1709 49 15
1710 49 15
1711 49 15
2082 49 8
2158 49 8
2409 49 8
2410 49 8
2734 49 8
2735 49 8
2736 49 8
2737 49 8
3133 49 8
3134 49 8
3348 49 8
3349 49 8
209 50 15
210 50 15
211 50 15
2767 50 8
2768 50 8
3084 50 8
3092 50 8
3211 50 8
3212 50 8
4211 50 8
4212 50 8
221 51 15
222 51 15
223 51 15
572 51 15
573 51 15
574 51 15
1171 51 15
1172 51 15
1173 51 15
1339 51 15
1340 51 15
1341 51 15
2040 51 8
2042 51 8
2638 51 8
2639 51 8
2810 51 8
2811 51 8
3503 51 8
3559 51 8
224 52 15
225 52 15
226 52 15
1474 52 15
1475 52 15
1476 52 15
2534 52 8
2535 52 8
4172 52 8
4192 52 8
244 53 15
245 53 15
246 53 15
778 53 15
779 53 15
780 53 15
885 53 15
886 53 15
887 53 15
1576 53 15
1577 53 15
1578 53 15
1810 53 8
1811 53 8
1831 53 8
1832 53 8
2181 53 8
2182 53 8
2247 53 8
2248 53 8
2334 53 8
2335 53 8
2487 53 8
2488 53 8
2520 53 8
2521 53 8
2604 53 8
2605 53 8
2753 53 8
2754 53 8
3276 53 8
3277 53 8
3298 53 8
3299 53 8
3956 53 8
3957 53 8
4046 53 8
4105 53 8
4274 53 8
4275 53 8
4356 53 8
4357 53 8
4374 53 8
4375 53 8
4380 53 8
4381 53 8
250 54 15
251 54 15
252 54 15
352 54 15
353 54 15
354 54 15
774 54 15
776 54 15
777 54 15
876 54 15
877 54 15
878 54 15
2718 54 8
2719 54 8
3170 54 8
3171 54 8
3189 54 8
3190 54 8
3279 54 8
3284 54 8
3472 54 8
3473 54 8
256 55 15
257 55 15
258 55 15
382 55 15
383 55 15
384 55 15
1908 55 8
1909 55 8
2345 55 8
2346 55 8
2485 55 8
2486 55 8
2495 55 8
2496 55 8
2508 55 8
2509 55 8
2956 55 8
2957 55 8
3292 55 8
3314 55 8
3376 55 8
3381 55 8
3397 55 8
3398 55 8
3948 55 8
3949 55 8
4096 55 8
4123 55 8
4157 55 8
4158 55 8
280 56 15
281 56 15
282 56 15
337 56 15
338 56 15
339 56 15
1279 56 15
1280 56 15
1281 56 15
1327 56 15
1328 56 15
1329 56 15
1963 56 8
1964 56 8
2048 56 8
2049 56 8
2281 56 8
2282 56 8
2416 56 8
2417 56 8
3043 56 8
3044 56 8
3162 56 8
3163 56 8
3929 56 8
3930 56 8
3975 56 8
3976 56 8
4113 56 8
4114 56 8
286 57 15
287 57 15
288 57 15
787 57 15
788 57 15
789 57 15
3240 57 8
3242 57 8
4261 57 8
4262 57 8
289 58 15
290 58 15
291 58 15
2748 58 8
2750 58 8
3503 58 8
3521 58 8
301 59 15
302 59 15
303 59 15
2242 59 8
2243 59 8
310 60 15
311 60 15
312 60 15
1309 60 15
1310 60 15
1311 60 15
1810 60 8
1864 60 8
2004 60 8
2005 60 8
2484 60 8
2485 60 8
3682 60 8
3683 60 8
4049 60 8
4050 60 8
313 61 15
314 61 15
315 61 15
1796 61 8
1813 61 8
346 62 15
347 62 15
348 62 15
4037 62 8
4041 62 8
349 63 15
350 63 15
351 63 15
2851 63 8
2852 63 8
4064 63 8
4065 63 8
364 64 15
365 64 15
366 64 15
3306 64 8
3307 64 8
370 65 15
371 65 15
372 65 15
3538 65 8
3539 65 8
373 66 15
374 66 15
375 66 15
1359 66 15
1360 66 15
1361 66 15
1673 66 15
1674 66 15
1675 66 15
2082 66 8
2107 66 8
2648 66 8
2649 66 8
2650 66 8
2751 66 8
2752 66 8
376 67 15
377 67 15
378 67 15
385 68 15
386 68 15
387 68 15
394 69 15
395 69 15
396 69 15
1606 69 15
1607 69 15
1608 69 15
3376 69 8
3383 69 8
3441 69 8
3442 69 8
403 70 15
404 70 15
405 70 15
566 70 15
567 70 15
568 70 15
1029 70 15
1030 70 15
1031 70 15
1124 70 15
1125 70 15
1126 70 15
1162 70 15
1163 70 15
1164 70 15
1234 70 15
1235 70 15
1236 70 15
1849 70 8
1850 70 8
2214 70 8
2215 70 8
2324 70 8
2325 70 8
2342 70 8
2343 70 8
2372 70 8
2373 70 8
2375 70 8
2376 70 8
2580 70 8
2581 70 8
3357 70 8
3360 70 8
3514 70 8
3515 70 8
4255 70 8
4256 70 8
406 71 15
407 71 15
408 71 15
951 71 15
952 71 15
953 71 15
2101 71 8
2102 71 8
2935 71 8
2936 71 8
2991 71 8
2992 71 8
3662 71 8
3663 71 8
409 72 15
410 72 15
411 72 15
643 72 15
644 72 15
645 72 15
2226 72 8
2227 72 8
2295 72 8
2296 72 8
2894 72 8
2895 72 8
3620 72 8
3621 72 8
3623 72 8
3624 72 8
4316 72 8
4317 72 8
430 73 15
431 73 15
432 73 15
433 74 15
434 74 15
435 74 15
2769 74 8
2770 74 8
3369 74 8
3370 74 8
3618 74 8
3619 74 8
436 75 15
437 75 15
438 75 15
699 75 15
700 75 15
701 75 15
948 75 15
949 75 15
950 75 15
1088 75 15
1089 75 15
1090 75 15
3884 75 8
3885 75 8
3915 75 8
3916 75 8
439 76 15
440 76 15
441 76 15
1240 76 15
1241 76 15
1242 76 15
1866 76 8
1942 76 8
2919 76 8
2920 76 8
442 77 15
443 77 15
444 77 15
469 77 15
470 77 15
471 77 15
2482 77 8
2483 77 8
2840 77 8
2841 77 8
3352 77 8
3353 77 8
4318 77 8
4319 77 8
454 78 15
455 78 15
456 78 15
2040 78 8
2047 78 8
2075 78 8
2076 78 8
2588 78 8
2589 78 8
2904 78 8
2905 78 8
3021 78 8
3022 78 8
3718 78 8
3719 78 8
3800 78 8
3801 78 8
457 79 15
458 79 15
459 79 15
975 79 15
976 79 15
977 79 15
1480 79 15
1481 79 15
1482 79 15
2252 79 8
2253 79 8
2611 79 8
2612 79 8
3461 79 8
3496 79 8
3865 79 8
3866 79 8
474 80 15
475 80 15
476 80 15
3509 80 8
3512 80 8
4194 80 8
4195 80 8
494 81 15
495 81 15
496 81 15
1759 81 15
1760 81 15
1761 81 15
2303 81 8
2304 81 8
2726 81 8
2727 81 8
3291 81 8
3292 81 8
497 82 15
498 82 15
499 82 15
1011 82 15
1012 82 15
1013 82 15
1685 82 15
1686 82 15
1687 82 15
1930 82 8
1931 82 8
2524 82 8
2525 82 8
2567 82 8
2568 82 8
2594 82 8
2595 82 8
3528 82 8
3529 82 8
3818 82 8
3819 82 8
3966 82 8
3967 82 8
4051 82 8
4052 82 8
4230 82 8
4231 82 8
4344 82 8
4345 82 8
500 83 15
501 83 15
502 83 15
2293 83 8
2294 83 8
3670 83 8
3671 83 8
503 84 15
504 84 15
505 84 15
2569 84 8
2570 84 8
3885 84 8
3886 84 8
506 85 15
507 85 15
508 85 15
4148 85 8
4152 85 8
515 86 15
516 86 15
517 86 15
3514 86 8
3515 86 8
518 87 15
519 87 15
520 87 15
753 87 15
754 87 15
755 87 15
2466 87 8
2467 87 8
2987 87 8
2988 87 8
521 88 15
522 88 15
523 88 15
3524 88 8
3525 88 8
530 89 15
531 89 15
532 89 15
1252 89 15
1253 89 15
1254 89 15
2099 89 8
2100 89 8
3017 89 8
3018 89 8
3594 89 8
3595 89 8
3909 89 8
3910 89 8
533 90 15
534 90 15
535 90 15
3710 90 8
3711 90 8
539 91 15
540 91 15
541 91 15
999 91 15
1000 91 15
1001 91 15
2477 91 8
2479 91 8
4147 91 8
4148 91 8
4158 91 8
4165 91 8
545 92 15
546 92 15
547 92 15
2757 92 8
2758 92 8
563 93 15
564 93 15
565 93 15
1985 93 8
1986 93 8
569 94 15
570 94 15
571 94 15
575 95 15
576 95 15
577 95 15
2702 95 8
2703 95 8
578 96 15
579 96 15
580 96 15
622 96 15
623 96 15
624 96 15
1035 96 15
1036 96 15
1037 96 15
1159 96 15
1160 96 15
1161 96 15
1177 96 15
1178 96 15
1179 96 15
1741 96 15
1742 96 15
1743 96 15
2391 96 8
2392 96 8
2777 96 8
2778 96 8
2820 96 8
2821 96 8
3086 96 8
3087 96 8
3190 96 8
3191 96 8
3223 96 8
3224 96 8
3239 96 8
3240 96 8
3569 96 8
3570 96 8
3668 96 8
3669 96 8
3727 96 8
3728 96 8
3738 96 8
3739 96 8
4215 96 8
4216 96 8
4240 96 8
4241 96 8
587 97 15
588 97 15
589 97 15
1721 97 15
1722 97 15
1723 97 15
2043 97 8
2044 97 8
3998 97 8
4020 97 8
593 98 15
594 98 15
595 98 15
2121 98 8
2136 98 8
602 99 15
603 99 15
604 99 15
1264 99 15
1265 99 15
1266 99 15
2311 99 8
2312 99 8
2364 99 8
2365 99 8
2644 99 8
2645 99 8
2667 99 8
2668 99 8
3019 99 8
3020 99 8
3231 99 8
3232 99 8
3391 99 8
3395 99 8
3658 99 8
3659 99 8
605 100 15
606 100 15
607 100 15
2844 100 8
2846 100 8
611 101 15
612 101 15
613 101 15
1138 101 15
1139 101 15
1140 101 15
2105 101 8
2106 101 8
3289 101 8
3290 101 8
3323 101 8
3324 101 8
628 102 15
629 102 15
630 102 15
2054 102 8
2055 102 8
4244 102 8
4245 102 8
637 103 15
638 103 15
639 103 15
2060 103 8
2061 103 8
640 104 15
641 104 15
642 104 15
2062 104 8
2063 104 8
646 105 15
647 105 15
648 105 15
2685 105 8
2686 105 8
649 106 15
650 106 15
651 106 15
2687 106 8
2688 106 8
3325 106 8
3326 106 8
660 107 15
661 107 15
662 107 15
3080 107 8
3081 107 8
684 108 15
685 108 15
686 108 15
687 109 15
688 109 15
689 109 15
690 110 15
691 110 15
692 110 15
696 111 15
697 111 15
698 111 15
714 112 15
715 112 15
716 112 15
1898 112 8
1947 112 8
2435 112 8
2436 112 8
4060 112 8
4061 112 8
717 113 15
718 113 15
719 113 15
3297 113 8
3338 113 8
720 114 15
721 114 15
722 114 15
1826 114 8
1858 114 8
1859 114 8
1871 114 8
2068 114 8
2069 114 8
2234 114 8
2235 114 8
3536 114 8
3537 114 8
3564 114 8
3565 114 8
723 115 15
724 115 15
725 115 15
1333 115 15
1334 115 15
1335 115 15
3297 115 8
3298 115 8
726 116 15
727 116 15
728 116 15
2108 116 8
2109 116 8
2590 116 8
2591 116 8
3108 116 8
3109 116 8
3851 116 8
3852 116 8
732 117 15
733 117 15
734 117 15
2246 117 8
2247 117 8
2884 117 8
2885 117 8
3215 117 8
3216 117 8
3573 117 8
3574 117 8
4284 117 8
4285 117 8
735 118 15
736 118 15
737 118 15
2103 118 8
2104 118 8
2449 118 8
2450 118 8
3249 118 8
3250 118 8
4018 118 8
4021 118 8
762 119 15
763 119 15
764 119 15
781 120 15
782 120 15
783 120 15
1213 120 15
1214 120 15
1215 120 15
2271 120 8
2272 120 8
793 121 15
794 121 15
795 121 15
1813 121 8
1887 121 8
805 122 15
806 122 15
807 122 15
960 122 15
961 122 15
962 122 15
1456 122 15
1457 122 15
1458 122 15
1523 122 15
1524 122 15
1525 122 15
2976 122 8
2977 122 8
3225 122 8
3226 122 8
3227 122 8
3228 122 8
3265 122 8
3266 122 8
3371 122 8
3372 122 8
3537 122 8
3547 122 8
3808 122 8
3809 122 8
3880 122 8
3881 122 8
3890 122 8
3891 122 8
4058 122 8
4059 122 8
4062 122 8
4063 122 8
4117 122 8
4118 122 8
4418 122 8
4419 122 8
813 123 15
814 123 15
815 123 15
816 124 15
817 124 15
818 124 15
2021 124 8
2022 124 8
822 125 15
823 125 15
824 125 15
1767 125 15
1768 125 15
1769 125 15
2632 125 8
2633 125 8
2826 125 8
2827 125 8
836 126 15
837 126 15
838 126 15
3470 126 8
3471 126 8
839 127 15
840 127 15
841 127 15
1005 127 15
1006 127 15
1007 127 15
1186 127 15
1187 127 15
1188 127 15
2113 127 8
2114 127 8
2240 127 8
2241 127 8
2636 127 8
2637 127 8
3135 127 8
3136 127 8
3197 127 8
3198 127 8
3388 127 8
3427 127 8
3431 127 8
3450 127 8
3451 127 8
3579 127 8
3580 127 8
3684 127 8
3685 127 8
3752 127 8
3753 127 8
3794 127 8
3795 127 8
4141 127 8
4142 127 8
4175 127 8
4176 127 8
851 128 15
852 128 15
853 128 15
1906 128 8
1907 128 8
2532 128 8
2533 128 8
4037 128 8
4038 128 8
4286 128 8
4287 128 8
854 129 15
855 129 15
856 129 15
1294 129 15
1295 129 15
1296 129 15
2345 129 8
2348 129 8
2791 129 8
2792 129 8
3544 129 8
3545 129 8
4135 129 8
4136 129 8
857 130 15
858 130 15
867 131 15
868 131 15
869 131 15
4008 131 8
4009 131 8
870 132 15
871 132 15
872 132 15
1097 132 15
1098 132 15
1099 132 15
1815 132 8
1816 132 8
3462 132 8
3463 132 8
3692 132 8
3693 132 8
4166 132 8
4167 132 8
879 133 15
880 133 15
881 133 15
1056 133 15
1057 133 15
1058 133 15
3357 133 8
3359 133 8
4292 133 8
4293 133 8
891 134 15
892 134 15
893 134 15
2671 134 8
2672 134 8
3025 134 8
3026 134 8
3388 134 8
3432 134 8
4372 134 8
4373 134 8
894 135 15
895 135 15
896 135 15
1014 135 15
1015 135 15
1016 135 15
2657 135 8
2658 135 8
3376 135 8
3378 135 8
3495 135 8
3496 135 8
3503 135 8
3533 135 8
3672 135 8
3673 135 8
900 136 15
901 136 15
902 136 15
3256 136 8
3257 136 8
4259 136 8
4260 136 8
903 137 15
904 137 15
905 137 15
1860 137 8
1861 137 8
906 138 15
907 138 15
908 138 15
1796 138 8
1813 138 8
2964 138 8
2965 138 8
909 139 15
910 139 15
911 139 15
3376 139 8
3377 139 8
930 140 15
931 140 15
932 140 15
936 141 15
937 141 15
938 141 15
2424 141 8
2425 141 8
3301 141 8
3305 141 8
3567 141 8
3568 141 8
942 142 15
943 142 15
944 142 15
957 143 15
958 143 15
959 143 15
963 144 15
964 144 15
965 144 15
2938 144 8
2939 144 8
1002 145 15
1003 145 15
1004 145 15
2822 145 8
2823 145 8
1008 146 15
1009 146 15
1010 146 15
4238 146 8
4239 146 8
1017 147 15
1018 147 15
1019 147 15
1808 147 8
1823 147 8
3606 147 8
3607 147 8
1026 148 15
1027 148 15
1028 148 15
2012 148 8
2013 148 8
1032 149 15
1033 149 15
1034 149 15
2431 149 8
2432 149 8
1041 150 15
1042 150 15
1043 150 15
2960 150 8
2961 150 8
3744 150 8
3745 150 8
1044 151 15
1045 151 15
1046 151 15
2151 151 8
2152 151 8
2349 151 8
2350 151 8
3221 151 8
3222 151 8
1047 152 15
1048 152 15
1049 152 15
1638 152 15
1639 152 15
1640 152 15
1847 152 8
1900 152 8
2865 152 8
2866 152 8
3754 152 8
3755 152 8
4330 152 8
4331 152 8
1065 153 15
1066 153 15
1067 153 15
2378 153 8
2379 153 8
2785 153 8
2786 153 8
1073 154 15
1074 154 15
1075 154 15
1082 155 15
1083 155 15
1084 155 15
1538 155 15
1539 155 15
1540 155 15
1764 155 15
1765 155 15
1766 155 15
1813 155 8
1845 155 8
1846 155 8
1885 155 8
1925 155 8
1926 155 8
2014 155 8
2015 155 8
2543 155 8
2544 155 8
2723 155 8
2732 155 8
3541 155 8
3543 155 8
3832 155 8
3833 155 8
4249 155 8
4250 155 8
4267 155 8
4268 155 8
1100 156 15
1101 156 15
1102 156 15
1826 156 8
1827 156 8
1106 157 15
1107 157 15
1108 157 15
1567 157 15
1568 157 15
1569 157 15
2338 157 8
2339 157 8
2733 157 8
2734 157 8
1112 158 15
1113 158 15
1114 158 15
3915 158 8
3919 158 8
1115 159 15
1116 159 15
1117 159 15
4306 159 8
4307 159 8
1121 160 15
1122 160 15
1123 160 15
1122 161 15
1127 161 15
1128 161 15
2457 161 8
2458 161 8
3388 161 8
3421 161 8
3915 161 8
3931 161 8
1135 162 15
1136 162 15
1137 162 15
3291 162 8
3319 162 8
1156 163 15
1157 163 15
1158 163 15
1507 163 15
1508 163 15
1509 163 15
1706 163 15
1707 163 15
1708 163 15
1916 163 8
1917 163 8
1932 163 8
1933 163 8
2344 163 8
2345 163 8
2729 163 8
2730 163 8
2773 163 8
2774 163 8
2818 163 8
2819 163 8
3038 163 8
3039 163 8
3125 163 8
3127 163 8
3581 163 8
3582 163 8
3983 163 8
3984 163 8
4011 163 8
4012 163 8
4066 163 8
4067 163 8
4396 163 8
4397 163 8
1165 164 15
1166 164 15
1167 164 15
3999 164 8
4001 164 8
1168 165 15
1169 165 15
1170 165 15
1198 166 15
1199 166 15
1200 166 15
3533 166 8
3534 166 8
1216 167 15
1217 167 15
1218 167 15
4270 167 8
4276 167 8
1222 168 15
1223 168 15
1224 168 15
2349 168 8
2360 168 8
2698 168 8
2699 168 8
1243 169 15
1244 169 15
1245 169 15
2070 169 8
2071 169 8
3334 169 8
3335 169 8
1261 170 15
1262 170 15
1263 170 15
2156 170 8
2183 170 8
1267 171 15
1268 171 15
1269 171 15
2242 171 8
2254 171 8
2318 171 8
2319 171 8
3629 171 8
3630 171 8
4332 171 8
4333 171 8
1270 172 15
1271 172 15
1272 172 15
3289 172 8
3290 172 8
1300 173 15
1301 173 15
1302 173 15
1860 173 8
1881 173 8
1336 174 15
1337 174 15
1338 174 15
1391 174 15
1392 174 15
1393 174 15
1726 174 15
1736 174 15
1737 174 15
2869 174 8
2870 174 8
3271 174 8
3272 174 8
3478 174 8
3479 174 8
4043 174 8
4095 174 8
1362 175 15
1363 175 15
1364 175 15
2793 175 8
2794 175 8
1359 176 15
1371 176 15
1372 176 15
1559 176 15
1560 176 15
1561 176 15
2914 176 8
2915 176 8
4432 176 8
4433 176 8
1382 177 15
1383 177 15
1384 177 15
3769 177 8
3770 177 8
1397 178 15
1398 178 15
1399 178 15
4026 178 8
4027 178 8
4406 178 8
4407 178 8
1362 179 15
1406 179 15
1407 179 15
2222 179 8
2223 179 8
1411 180 15
1412 180 15
1413 180 15
4426 180 8
4427 180 8
1414 181 15
1415 181 15
1416 181 15
2557 181 8
2558 181 8
2855 181 8
2856 181 8
3219 181 8
3220 181 8
3935 181 8
3936 181 8
1423 182 15
1424 182 15
1425 182 15
3346 182 8
3347 182 8
1429 183 15
1430 183 15
1431 183 15
1432 184 15
1433 184 15
1434 184 15
3950 184 8
3951 184 8
1438 185 15
1439 185 15
1440 185 15
2082 185 8
2091 185 8
1444 186 15
1445 186 15
1446 186 15
4200 186 8
4201 186 8
1447 187 15
1448 187 15
1449 187 15
4208 187 8
4209 187 8
1465 188 15
1466 188 15
1467 188 15
2299 188 8
2300 188 8
2349 188 8
2366 188 8
3575 188 8
3576 188 8
3686 188 8
3687 188 8
4047 188 8
4048 188 8
1468 189 15
1469 189 15
1470 189 15
2369 189 8
2370 189 8
2586 189 8
2587 189 8
1471 190 15
1472 190 15
1473 190 15
2382 190 8
2383 190 8
1477 191 15
1478 191 15
1479 191 15
2592 191 8
2593 191 8
1492 192 15
1493 192 15
1494 192 15
3005 192 8
3006 192 8
3834 192 8
3835 192 8
1501 193 15
1502 193 15
1503 193 15
3027 193 8
3028 193 8
4442 193 8
4443 193 8
1509 194 15
1510 194 15
1511 194 15
3125 194 8
3130 194 8
1515 195 15
1516 195 15
1517 195 15
3502 195 8
3503 195 8
1550 196 15
1551 196 15
1552 196 15
1557 197 15
1565 197 15
1566 197 15
1573 198 15
1574 198 15
1575 198 15
2480 198 8
2481 198 8
1612 199 15
1613 199 15
1614 199 15
1727 199 15
1728 199 15
1729 199 15
1833 199 8
1834 199 8
3924 199 8
3925 199 8
1618 200 15
1619 200 15
1620 200 15
1641 201 15
1642 201 15
1643 201 15
1942 201 8
1943 201 8
2573 201 8
2574 201 8
1658 202 15
1659 202 15
1660 202 15
2553 202 8
2554 202 8
3029 202 8
3030 202 8
4346 202 8
4347 202 8
1670 203 15
1671 203 15
1672 203 15
3770 203 8
3771 203 8
1676 204 15
1677 204 15
1678 204 15
1679 205 15
1680 205 15
1681 205 15
3367 205 8
3368 205 8
1682 206 15
1683 206 15
1684 206 15
3275 206 8
3276 206 8
1688 207 15
1689 207 15
1690 207 15
2089 207 8
2090 207 8
2379 207 8
2380 207 8
2651 207 8
2652 207 8
4282 207 8
4283 207 8
1691 208 15
1692 208 15
1693 208 15
2596 208 8
2597 208 8
1697 209 15
1698 209 15
1699 209 15
1715 210 15
1716 210 15
1717 210 15
3125 210 8
3126 210 8
1744 211 15
1745 211 15
1746 211 15
3503 211 8
3533 211 8
1747 212 15
1748 212 15
1749 212 15
1750 212 15
1751 212 15
1752 212 15
2220 212 8
2221 212 8
2538 212 8
2539 212 8
1760 213 15
1762 213 15
1763 213 15
2726 213 8
2728 213 8
1773 214 15
1774 214 15
1775 214 15
3304 214 8
3332 214 8
1784 215 15
1785 215 15
1786 215 15
3951 215 8
3953 215 8
2 216 9
1801 216 9
4298 216 8
4299 216 8
1806 217 8
1807 217 8
1808 218 8
1809 218 8
1813 219 8
1814 219 8
1817 220 8
1818 220 8
1819 221 8
1820 221 8
2175 221 8
2176 221 8
1813 222 8
1830 222 8
1839 223 8
1840 223 8
1847 224 8
1848 224 8
1853 225 8
1854 225 8
3571 225 8
3572 225 8
1854 226 8
1855 226 8
2200 226 8
2201 226 8
2931 226 8
2932 226 8
3645 226 8
3646 226 8
4074 226 8
4075 226 8
1854 227 8
1857 227 8
1865 228 8
1866 228 8
4159 228 8
4160 228 8
1869 229 8
1870 229 8
2095 229 8
2159 229 8
1826 230 8
1872 230 8
1910 230 8
1911 230 8
1965 230 8
1966 230 8
3411 230 8
3412 230 8
1873 231 8
1874 231 8
1879 232 8
1880 232 8
1882 233 8
1883 233 8
3833 233 8
3842 233 8
1796 234 8
1813 234 8
2082 234 8
2083 234 8
3600 234 8
3601 234 8
1895 235 8
1896 235 8
1860 236 8
1897 236 8
1898 237 8
1899 237 8
1901 238 8
1902 238 8
1903 239 8
1904 239 8
1880 240 8
1905 240 8
1918 241 8
1919 241 8
1920 242 8
1921 242 8
1928 243 8
1929 243 8
3376 243 8
3382 243 8
1847 244 8
1887 244 8
1942 245 8
1943 245 8
1948 246 8
1949 246 8
1950 247 8
1951 247 8
1953 248 8
1955 248 8
1957 249 8
1958 249 8
1969 250 8
1970 250 8
1973 251 8
1974 251 8
1975 252 8
1976 252 8
1977 253 8
1978 253 8
3040 253 8
3041 253 8
1989 254 8
1991 254 8
1992 255 8
1993 255 8
2136 255 8
2196 255 8
2273 255 8
2274 255 8
2704 255 8
2705 255 8
3394 255 8
3395 255 8
3491 255 8
3492 255 8
3557 255 8
3558 255 8
3586 255 8
3587 255 8
1994 256 8
1995 256 8
1996 257 8
1997 257 8
1998 258 8
1999 258 8
3112 258 8
3113 258 8
4060 258 8
4075 258 8
2002 259 8
2003 259 8
2006 260 8
2007 260 8
2008 260 8
2023 260 8
2898 260 8
2899 260 8
3035 260 8
3036 260 8
3043 260 8
3045 260 8
4001 260 8
4017 260 8
2016 261 8
2017 261 8
2763 261 8
2764 261 8
3616 261 8
3617 261 8
2014 262 8
2018 262 8
2014 263 8
2019 263 8
2014 264 8
2020 264 8
2019 265 8
2024 265 8
2026 266 8
2027 266 8
3164 266 8
3165 266 8
2032 267 8
2033 267 8
2487 267 8
2489 267 8
2871 267 8
2873 267 8
4366 267 8
4367 267 8
2040 268 8
2041 268 8
2411 268 8
2413 268 8
2052 269 8
2053 269 8
2073 270 8
2074 270 8
2077 271 8
2078 271 8
2082 272 8
2086 272 8
2087 273 8
2088 273 8
2095 274 8
2096 274 8
4153 274 8
4154 274 8
2111 275 8
2112 275 8
2115 276 8
2116 276 8
2117 277 8
2118 277 8
2119 278 8
2120 278 8
2121 279 8
2135 279 8
2212 279 8
2213 279 8
2802 279 8
2803 279 8
3064 279 8
3065 279 8
3506 279 8
3507 279 8
2121 280 8
2138 280 8
2141 281 8
2142 281 8
3872 281 8
3873 281 8
2108 282 8
2143 282 8
2126 283 8
2150 283 8
2156 284 8
2157 284 8
3861 284 8
3862 284 8
2161 285 8
2162 285 8
2163 286 8
2164 286 8
2111 287 8
2166 287 8
2634 287 8
2635 287 8
3838 287 8
3839 287 8
4259 287 8
4266 287 8
2089 288 8
2167 288 8
2433 288 8
2434 288 8
2082 289 8
2170 289 8
2087 290 8
2177 290 8
2111 291 8
2185 291 8
2188 291 8
2137 292 8
2159 292 8
2190 292 8
2301 292 8
2302 292 8
4280 292 8
4281 292 8
2191 293 8
2192 293 8
2087 294 8
2194 294 8
3293 294 8
3322 294 8
2126 295 8
2195 295 8
2083 296 8
2135 296 8
2136 297 8
2153 297 8
2136 298 8
2197 298 8
2208 298 8
2209 298 8
2198 299 8
2199 299 8
2202 300 8
2203 300 8
2516 300 8
2517 300 8
3342 300 8
3343 300 8
3483 300 8
3484 300 8
2204 301 8
2205 301 8
2210 302 8
2211 302 8
2216 303 8
2217 303 8
2230 304 8
2231 304 8
2239 304 8
2240 304 8
2232 305 8
2233 305 8
2235 306 8
2236 306 8
2235 307 8
2237 307 8
2244 308 8
2245 308 8
2247 309 8
2249 309 8
3151 309 8
3168 309 8
3772 309 8
3773 309 8
4430 309 8
4431 309 8
2256 310 8
2257 310 8
2659 310 8
2660 310 8
2235 311 8
2259 311 8
2256 312 8
2260 312 8
2261 313 8
2262 313 8
2263 314 8
2264 314 8
2565 314 8
2566 314 8
4304 314 8
4305 314 8
2265 315 8
2266 315 8
2269 316 8
2270 316 8
2285 317 8
2286 317 8
2297 318 8
2298 318 8
2305 319 8
2306 319 8
2307 320 8
2308 320 8
2328 321 8
2329 321 8
2330 322 8
2331 322 8
4037 322 8
4040 322 8
2349 323 8
2371 323 8
2393 324 8
2394 324 8
2411 325 8
2412 325 8
2422 326 8
2423 326 8
2437 327 8
2438 327 8
3765 327 8
3766 327 8
4296 327 8
4297 327 8
2451 328 8
2452 328 8
2453 329 8
2454 329 8
2455 330 8
2456 330 8
3388 330 8
3406 330 8
2457 331 8
2459 331 8
2460 332 8
2461 332 8
2464 333 8
2465 333 8
2468 334 8
2469 334 8
2487 335 8
2490 335 8
2491 336 8
2492 336 8
2506 337 8
2507 337 8
2720 337 8
2721 337 8
2510 338 8
2511 338 8
2539 339 8
2540 339 8
2547 340 8
2548 340 8
2551 341 8
2552 341 8
4210 341 8
4211 341 8
4370 341 8
4371 341 8
2563 342 8
2564 342 8
2576 343 8
2577 343 8
2582 344 8
2583 344 8
2584 345 8
2585 345 8
2600 346 8
2601 346 8
2608 347 8
2609 347 8
2611 348 8
2613 348 8
2614 349 8
2615 349 8
2616 350 8
2617 350 8
2618 351 8
2619 351 8
4030 351 8
4031 351 8
2630 352 8
2631 352 8
2641 353 8
2642 353 8
2653 354 8
2654 354 8
2665 355 8
2666 355 8
2669 356 8
2670 356 8
2675 357 8
2676 357 8
2683 358 8
2684 358 8
2694 359 8
2695 359 8
2700 360 8
2701 360 8
2708 361 8
2709 361 8
2714 362 8
2715 362 8
2722 363 8
2723 363 8
2740 364 8
2741 364 8
2744 365 8
2745 365 8
3401 365 8
3402 365 8
2748 366 8
2749 366 8
2759 367 8
2760 367 8
2775 368 8
2776 368 8
2781 369 8
2782 369 8
3742 369 8
3743 369 8
2787 370 8
2788 370 8
2793 371 8
2795 371 8
2806 372 8
2807 372 8
2812 373 8
2813 373 8
3519 373 8
3520 373 8
2824 374 8
2825 374 8
2834 375 8
2835 375 8
2836 376 8
2837 376 8
2842 377 8
2843 377 8
2847 378 8
2848 378 8
3631 378 8
3632 378 8
2853 379 8
2854 379 8
2857 380 8
2858 380 8
2863 381 8
2864 381 8
2871 382 8
2872 382 8
2876 383 8
2877 383 8
2880 384 8
2881 384 8
2892 385 8
2893 385 8
2908 386 8
2909 386 8
2910 387 8
2911 387 8
2912 388 8
2913 388 8
2916 389 8
2917 389 8
3651 389 8
3652 389 8
2918 390 8
2919 390 8
2922 391 8
2923 391 8
2942 392 8
2943 392 8
3151 392 8
3152 392 8
3782 392 8
3784 392 8
2944 393 8
2952 393 8
3997 393 8
3998 393 8
2954 394 8
2955 394 8
2958 395 8
2959 395 8
2962 396 8
2963 396 8
2966 397 8
2967 397 8
2974 398 8
2975 398 8
4225 398 8
4226 398 8
2977 399 8
2978 399 8
2979 400 8
2980 400 8
2993 401 8
2994 401 8
3007 402 8
3008 402 8
4336 402 8
4337 402 8
3023 403 8
3024 403 8
3033 404 8
3034 404 8
3035 405 8
3037 405 8
3052 406 8
3053 406 8
3054 407 8
3055 407 8
3608 407 8
3609 407 8
3058 408 8
3059 408 8
3712 408 8
3713 408 8
3074 409 8
3075 409 8
3076 410 8
3077 410 8
3084 411 8
3085 411 8
3098 412 8
3099 412 8
3235 412 8
3236 412 8
3110 413 8
3111 413 8
3117 414 8
3118 414 8
3156 415 8
3157 415 8
3157 416 8
3158 416 8
3157 417 8
3159 417 8
3160 418 8
3161 418 8
4122 418 8
4123 418 8
3166 419 8
3167 419 8
3160 420 8
3169 420 8
3171 421 8
3172 421 8
3173 422 8
3174 422 8
3175 423 8
3176 423 8
3201 424 8
3202 424 8
3203 425 8
3204 425 8
3217 426 8
3218 426 8
3240 427 8
3241 427 8
3245 428 8
3246 428 8
3251 429 8
3253 429 8
3260 430 8
3261 430 8
3517 430 8
3518 430 8
3267 431 8
3268 431 8
3273 432 8
3274 432 8
3279 433 8
3285 433 8
3293 434 8
3294 434 8
3290 435 8
3298 435 8
3300 436 8
3301 436 8
3301 437 8
3302 437 8
3301 438 8
3303 438 8
3291 439 8
3301 439 8
3519 439 8
3556 439 8
3277 440 8
3298 440 8
3301 441 8
3310 441 8
3291 442 8
3311 442 8
4084 442 8
4085 442 8
3328 443 8
3329 443 8
3330 444 8
3331 444 8
3334 445 8
3336 445 8
3314 446 8
3334 446 8
3363 447 8
3364 447 8
3373 448 8
3374 448 8
3376 449 8
3380 449 8
3388 450 8
3389 450 8
3392 451 8
3396 451 8
3399 452 8
3400 452 8
3405 453 8
3406 453 8
3409 454 8
3410 454 8
3392 455 8
3415 455 8
3388 456 8
3420 456 8
3388 457 8
3425 457 8
3388 458 8
3429 458 8
3437 459 8
3438 459 8
3442 460 8
3443 460 8
3444 461 8
3445 461 8
3404 462 8
3445 462 8
3446 463 8
3447 463 8
3456 464 8
3457 464 8
3457 465 8
3459 465 8
3457 466 8
3460 466 8
3466 467 8
3480 467 8
3485 468 8
3486 468 8
3487 469 8
3488 469 8
3478 470 8
3499 470 8
4214 470 8
4215 470 8
3526 471 8
3527 471 8
3531 472 8
3532 472 8
3533 473 8
3535 473 8
3504 474 8
3519 474 8
3541 475 8
3542 475 8
3509 476 8
3549 476 8
3552 477 8
3553 477 8
3509 478 8
3554 478 8
3559 479 8
3560 479 8
3637 479 8
3638 479 8
3559 480 8
3561 480 8
3559 481 8
3562 481 8
3565 482 8
3566 482 8
3515 483 8
3567 483 8
3577 484 8
3578 484 8
3572 485 8
3581 485 8
3581 486 8
3583 486 8
3590 487 8
3591 487 8
3592 488 8
3593 488 8
3596 489 8
3597 489 8
3598 490 8
3599 490 8
3602 491 8
3603 491 8
3604 492 8
3605 492 8
3614 493 8
3615 493 8
3625 494 8
3626 494 8
4155 494 8
4159 494 8
3627 495 8
3628 495 8
3650 496 8
3653 496 8
3666 497 8
3667 497 8
3702 498 8
3703 498 8
3708 499 8
3709 499 8
3715 500 8
3720 500 8
3734 500 8
3735 500 8
3721 501 8
3722 501 8
3723 502 8
3724 502 8
3725 503 8
3726 503 8
3729 504 8
3730 504 8
3730 505 8
3731 505 8
3756 506 8
3757 506 8
3778 507 8
3779 507 8
3782 508 8
3783 508 8
3785 509 8
3786 509 8
3789 510 8
3790 510 8
3806 511 8
3807 511 8
3810 512 8
3811 512 8
3826 513 8
3827 513 8
3828 514 8
3829 514 8
3840 515 8
3841 515 8
3843 516 8
3844 516 8
3845 517 8
3846 517 8
3855 518 8
3856 518 8
3859 519 8
3860 519 8
3878 520 8
3879 520 8
3885 521 8
3887 521 8
3902 522 8
3903 522 8
3906 523 8
3908 523 8
3911 524 8
3912 524 8
3913 525 8
3914 525 8
3915 526 8
3937 526 8
3944 527 8
3945 527 8
3951 528 8
3952 528 8
3968 529 8
3969 529 8
3972 530 8
3973 530 8
3977 531 8
3978 531 8
3987 532 8
3988 532 8
4002 533 8
4003 533 8
4008 534 8
4010 534 8
4018 535 8
4019 535 8
4263 535 8
4264 535 8
4008 536 8
4022 536 8
4008 537 8
4025 537 8
4028 538 8
4029 538 8
4257 538 8
4258 538 8
4034 539 8
4035 539 8
4037 540 8
4039 540 8
4037 541 8
4042 541 8
4043 542 8
4044 542 8
1799 543 8
4046 543 8
1799 544 8
4046 544 8
4054 545 8
4055 545 8
4056 546 8
4057 546 8
4060 547 8
4076 547 8
4060 548 8
4077 548 8
4170 548 8
4171 548 8
4080 549 8
4081 549 8
4082 550 8
4083 550 8
4090 551 8
4091 551 8
4139 551 8
4140 551 8
4095 552 8
4097 552 8
4084 553 8
4100 553 8
4046 554 8
4106 554 8
4046 555 8
4108 555 8
4046 556 8
4109 556 8
4118 557 8
4119 557 8
4064 558 8
4121 558 8
4124 559 8
4125 559 8
4128 560 8
4129 560 8
4145 561 8
4146 561 8
4148 562 8
4150 562 8
4148 563 8
4151 563 8
4163 564 8
4164 564 8
4168 565 8
4169 565 8
4198 565 8
4199 565 8
4172 566 8
4173 566 8
4181 567 8
4182 567 8
4159 568 8
4183 568 8
4159 569 8
4185 569 8
4159 570 8
4190 570 8
4159 571 8
4191 571 8
4168 572 8
4193 572 8
4202 573 8
4203 573 8
4209 574 8
4210 574 8
4210 575 8
4211 575 8
4219 576 8
4220 576 8
4223 577 8
4224 577 8
4228 578 8
4229 578 8
4244 579 8
4248 579 8
4251 580 8
4252 580 8
4263 581 8
4265 581 8
4270 582 8
4271 582 8
4272 583 8
4273 583 8
4272 584 8
4276 584 8
4272 585 8
4279 585 8
4270 586 8
4280 586 8
4272 587 8
4280 587 8
4288 588 8
4289 588 8
4302 589 8
4303 589 8
4310 590 8
4311 590 8
4326 591 8
4327 591 8
4328 592 8
4329 592 8
4334 593 8
4335 593 8
4342 594 8
4343 594 8
4348 595 8
4349 595 8
4354 596 8
4355 596 8
4358 597 8
4359 597 8
4360 598 8
4361 598 8
4368 599 8
4369 599 8
4378 600 8
4379 600 8
4382 601 8
4383 601 8
4390 602 8
4391 602 8
4404 603 8
4405 603 8
4408 604 8
4409 604 8
4410 605 8
4411 605 8
4440 606 8
4441 606 8
4442 607 8
4444 607 8
4445 608 8
4446 608 8
4451 609 8
